MedCost.Thousand;MedCost.TenThou;MedCost.HundredThou;MedCost.Million
0.9342760161;0.0262769267;0.0320617221;0.0073853351
0.8994223733;0.043381225;0.0333658268;0.0238305749
0.8994223733;0.043381225;0.0333658268;0.0238305749
0.8994223733;0.043381225;0.0333658268;0.0238305749
0.9754960572;0.0121574725;0.0096203107;0.0027261595
0.8997704595;0.0330130592;0.058780471;0.0084360103
0.8993977807;0.0433923419;0.0333726188;0.0238372586
0.91671367;0.039521665;0.0230384509;0.0207262141
0.8600267841;0.1025491306;0.0239499781;0.0134741072
0.9665845997;0.0152202931;0.0127626341;0.0054324731
0.9740811975;0.0175921398;0.0039387238;0.0043879389
0.8994223733;0.043381225;0.0333658268;0.0238305749
0.9718591978;0.0125590134;0.0101349533;0.0054468354
0.9341284634;0.0263613687;0.0320997077;0.0074104603
0.8483886207;0.1135392807;0.0323614996;0.0057105989
0.8995630195;0.0433176678;0.033326842;0.0237924707
0.8487405254;0.1132825579;0.0322816457;0.0056952709
0.9651292459;0.0138273397;0.014780978;0.0062624364
0.9532627069;0.018752332;0.0093303659;0.0186545952
0.8995630195;0.0433176678;0.033326842;0.0237924707
0.91671367;0.039521665;0.0230384509;0.0207262141
0.9740811975;0.0175921398;0.0039387238;0.0043879389
0.8984913675;0.0307565795;0.0575326561;0.0132193969
0.9166930244;0.0395318059;0.0230431438;0.0207320259
0.9659515804;0.0259056376;0.0069614711;0.0011813109
0.9233130429;0.0205953056;0.0462387462;0.0098529054
0.8984913675;0.0307565795;0.0575326561;0.0132193969
0.8598800013;0.0985775781;0.0394048638;0.0021375567
0.9665845997;0.0152202931;0.0127626341;0.0054324731
0.9233130428;0.0205953056;0.0462387462;0.0098529054
0.91671367;0.039521665;0.0230384509;0.0207262141
0.9716251117;0.0126734066;0.0101912717;0.00551021
0.9716251117;0.0126734066;0.0101912717;0.00551021
0.8483886207;0.1135392807;0.0323614996;0.0057105989
0.9170988376;0.0534050753;0.0112283243;0.0182677628
0.8997704595;0.0330130592;0.058780471;0.0084360103
0.91671367;0.039521665;0.0230384509;0.0207262141
0.9692340996;0.0230095359;0.005050172;0.0027061924
0.9664347375;0.0255290308;0.0068683332;0.0011678985
0.9342201584;0.0263087548;0.032076266;0.0073948208
0.9532627069;0.018752332;0.0093303659;0.0186545952
0.9708397094;0.0195345647;0.0084453896;0.0011803363
0.9727578439;0.017380931;0.0049838836;0.0048773415
0.8994223733;0.043381225;0.0333658268;0.0238305749
0.9659515804;0.0259056376;0.0069614711;0.0011813109
0.9619893095;0.0127342296;0.0194342121;0.0058422488
0.9166930244;0.0395318059;0.0230431438;0.0207320259
0.9728344708;0.0173312127;0.0049751113;0.0048592052
0.91671367;0.039521665;0.0230384509;0.0207262141
0.9665845997;0.0152202931;0.0127626342;0.0054324731
0.9646953248;0.0140224314;0.0149062099;0.0063760339
0.9740295044;0.0176274149;0.003943679;0.0043994016
0.9638123679;0.016057343;0.0139510636;0.0061792255
0.9646953248;0.0140224314;0.0149062099;0.0063760339
0.8997704595;0.0330130592;0.058780471;0.0084360103
0.91671367;0.039521665;0.0230384509;0.0207262141
0.8604153469;0.1022742887;0.0238792993;0.0134310651
0.8997566741;0.0330205526;0.0587846984;0.0084380749
0.89169598;0.0652534792;0.0353649126;0.0076856281
0.8487405254;0.1132825579;0.0322816457;0.0056952709
0.9661432329;0.0154441534;0.0128769533;0.0055356604
0.8487405254;0.1132825579;0.0322816457;0.0056952709
0.9651292459;0.0138273397;0.014780978;0.0062624364
0.9740295044;0.0176274149;0.003943679;0.0043994016
0.9646953248;0.0140224314;0.0149062099;0.0063760339
0.859552744;0.0988010526;0.0395029586;0.0021432448
0.9342096529;0.0263148686;0.0320788499;0.0073966286
0.8997566741;0.0330205526;0.0587846984;0.0084380749
0.8964508405;0.0493388924;0.0311573688;0.0230528983
0.8997566741;0.0330205526;0.0587846984;0.0084380749
0.9692232855;0.0230191077;0.0050513311;0.0027062757
0.9170988376;0.0534050753;0.0112283243;0.0182677628
0.9342096529;0.0263148686;0.0320788498;0.0073966286
0.8994223733;0.043381225;0.0333658268;0.0238305749
0.8994223733;0.043381225;0.0333658268;0.0238305749
0.8993977807;0.0433923419;0.0333726188;0.0238372586
0.9342201584;0.0263087548;0.032076266;0.0073948208
0.9646110255;0.014060327;0.0149305656;0.0063980819
0.9342201584;0.0263087548;0.032076266;0.0073948208
0.8994223733;0.043381225;0.0333658268;0.0238305749
0.9533160718;0.018728348;0.0093249811;0.0186305991
0.8604153469;0.1022742887;0.0238792993;0.0134310651
0.8994223733;0.043381225;0.0333658268;0.0238305749
0.9651292459;0.0138273397;0.014780978;0.0062624364
0.8985677301;0.0307201096;0.0575097615;0.0132023987
0.9646953248;0.0140224314;0.0149062099;0.0063760339
0.9648502159;0.0139527413;0.0148617527;0.0063352901
0.9784198142;0.0119764493;0.0079247981;0.0016789384
0.8994223733;0.043381225;0.0333658268;0.0238305749
0.9563163744;0.015499707;0.0075943913;0.0205895272
0.9665845997;0.0152202931;0.0127626341;0.0054324731
0.8985677301;0.0307201096;0.0575097615;0.0132023987
0.9166930244;0.0395318059;0.0230431438;0.0207320259
0.9642831858;0.0158245148;0.0138284433;0.0060638562
0.9342096529;0.0263148686;0.0320788499;0.0073966286
0.8483886207;0.1135392807;0.0323614996;0.0057105989
0.8997704595;0.0330130592;0.058780471;0.0084360103
0.9740295044;0.0176274149;0.003943679;0.0043994016
0.8994223733;0.043381225;0.0333658268;0.0238305749
0.9740811975;0.0175921398;0.0039387238;0.0043879389
0.859552744;0.0988010526;0.0395029586;0.0021432448
0.8993977807;0.0433923419;0.0333726188;0.0238372586
0.9168317367;0.039463688;0.0230114957;0.0206930796
0.9196157031;0.0260230668;0.0481624189;0.0061988111
0.8963053833;0.0494109913;0.0311938216;0.0230898038
0.8604153469;0.1022742887;0.0238792993;0.0134310651
0.91671367;0.039521665;0.0230384509;0.0207262141
0.8994223733;0.043381225;0.0333658268;0.0238305749
0.8964508405;0.0493388924;0.0311573688;0.0230528983
0.9646953248;0.0140224314;0.0149062099;0.0063760339
0.9666653717;0.0151793283;0.0127416872;0.0054136127
0.8997566741;0.0330205526;0.0587846984;0.0084380749
0.917218698;0.0533274331;0.0112152745;0.0182385943
0.9651292459;0.0138273397;0.014780978;0.0062624364
0.9196415559;0.0260314961;0.0481278571;0.0061990908
0.9727024137;0.0174168965;0.0049902317;0.0048904582
0.8995630195;0.0433176678;0.033326842;0.0237924707
0.9728344708;0.0173312127;0.0049751113;0.0048592052
0.8912739379;0.0654950867;0.0355115272;0.0077194483
0.9652049816;0.0140819245;0.0070066627;0.0137064313
0.8995630195;0.0433176678;0.033326842;0.0237924707
0.9168317367;0.039463688;0.0230114957;0.0206930796
0.9664533546;0.0152868515;0.0127967133;0.0054630807
0.8995630195;0.0433176678;0.033326842;0.0237924707
0.91671367;0.039521665;0.0230384509;0.0207262141
0.9740811975;0.0175921398;0.0039387238;0.0043879389
0.9659515804;0.0259056376;0.0069614711;0.0011813109
0.9646953248;0.0140224314;0.0149062099;0.0063760339
0.9661328596;0.0235601132;0.0088865716;0.0014204556
0.8963053833;0.0494109913;0.0311938216;0.0230898038
0.8898509479;0.0251736359;0.07954279;0.0054326261
0.9342201584;0.0263087548;0.032076266;0.0073948208
0.8483241222;0.1135862159;0.0323762163;0.0057134456
0.8995630195;0.0433176678;0.033326842;0.0237924707
0.9342760161;0.0262769267;0.0320617221;0.0073853351
0.8478157633;0.1139568561;0.0324917228;0.0057356578
0.8898632992;0.0251755993;0.0795285327;0.0054325688
0.917218698;0.0533274331;0.0112152745;0.0182385943
0.8995630195;0.0433176678;0.033326842;0.0237924707
0.9715497021;0.0127102952;0.0102092265;0.0055307762
0.9168317367;0.039463688;0.0230114957;0.0206930796
0.91671367;0.039521665;0.0230384509;0.0207262141
0.91671367;0.039521665;0.0230384509;0.0207262141
0.9651292459;0.0138273397;0.014780978;0.0062624364
0.91671367;0.039521665;0.0230384509;0.0207262141
0.9677904141;0.0114550446;0.0056637007;0.0150908406
0.9665845997;0.0152202931;0.0127626341;0.0054324731
0.9196157031;0.0260230668;0.0481624189;0.0061988111
0.8994223733;0.043381225;0.0333658268;0.0238305749
0.9168317367;0.039463688;0.0230114957;0.0206930796
0.91671367;0.039521665;0.0230384509;0.0207262141
0.8995630195;0.0433176678;0.033326842;0.0237924707
0.91671367;0.039521665;0.0230384509;0.0207262141
0.8962799511;0.0494235984;0.0312001737;0.0230962768
0.978466469;0.0119496164;0.0079082166;0.001675698
0.8994223733;0.043381225;0.0333658268;0.0238305749
0.9687852875;0.0233578167;0.0051188564;0.0027380395
0.8600870232;0.1025066405;0.0239389708;0.0134673654
0.9648502159;0.0139527413;0.0148617527;0.0063352901
0.8483886207;0.1135392807;0.0323614996;0.0057105989
0.9646953248;0.0140224314;0.0149062099;0.0063760339
0.9740295045;0.0176274149;0.003943679;0.0043994016
0.9342201584;0.0263087548;0.032076266;0.0073948208
0.9652070382;0.0140733902;0.0070179489;0.0137016227
0.9714951528;0.0127369786;0.0102222186;0.00554565
0.9168317367;0.039463688;0.0230114957;0.0206930796
0.9648502159;0.0139527413;0.0148617527;0.0063352901
0.9716251117;0.0126734066;0.0101912717;0.00551021
0.8964508405;0.0493388924;0.0311573688;0.0230528983
0.8994223733;0.043381225;0.0333658268;0.0238305749
0.8998440922;0.0329741052;0.0587566263;0.0084251763
0.9170988376;0.0534050753;0.0112283243;0.0182677628
0.9730723892;0.0171767837;0.0049475349;0.0048032921
0.9740295044;0.0176274149;0.003943679;0.0043994016
0.91671367;0.039521665;0.0230384509;0.0207262141
0.8997704595;0.0330130592;0.058780471;0.0084360103
0.8600870232;0.1025066405;0.0239389708;0.0134673654
0.9677904141;0.0114550446;0.0056637007;0.0150908406
0.918828412;0.0241797523;0.047283881;0.0097079547
0.8995630195;0.0433176678;0.033326842;0.0237924707
0.9649313443;0.0139162981;0.014838183;0.0063141746
0.89169598;0.0652534792;0.0353649126;0.0076856281
0.9168317367;0.039463688;0.0230114957;0.0206930796
0.8985677301;0.0307201096;0.0575097616;0.0132023987
0.917218698;0.0533274331;0.0112152745;0.0182385943
0.8994223733;0.043381225;0.0333658268;0.0238305749
0.9687852875;0.0233578167;0.0051188564;0.0027380395
0.8993977807;0.0433923419;0.0333726188;0.0238372586
0.968862531;0.023299427;0.0051063832;0.0027316588
0.8963053833;0.0494109913;0.0311938216;0.0230898038
0.9781133945;0.012156962;0.0080308516;0.0016987918
0.8995630195;0.0433176678;0.033326842;0.0237924707
0.9647603394;0.01399318;0.0148875464;0.0063589342
0.8964508405;0.0493388924;0.0311573688;0.0230528983
0.8997704595;0.0330130592;0.058780471;0.0084360103
0.9664347375;0.0255290308;0.0068683332;0.0011678985
0.8993977807;0.0433923419;0.0333726188;0.0238372586
0.9714951528;0.0127369786;0.0102222186;0.00554565
0.917218698;0.0533274331;0.0112152745;0.0182385943
0.9638123679;0.016057343;0.0139510636;0.0061792255
0.8984913675;0.0307565795;0.0575326561;0.0132193969
0.8604153469;0.1022742887;0.0238792993;0.0134310651
0.8995630195;0.0433176678;0.033326842;0.0237924707
0.8993977807;0.0433923419;0.0333726188;0.0238372586
0.9704126754;0.0198313961;0.0085618637;0.0011940647
0.8997704595;0.0330130592;0.058780471;0.0084360103
0.8984913675;0.0307565795;0.0575326561;0.0132193969
0.8994223733;0.043381225;0.0333658268;0.0238305749
0.8994223733;0.043381225;0.0333658268;0.0238305749
0.8994223733;0.043381225;0.0333658268;0.0238305749
0.9666449646;0.015189672;0.0127470389;0.0054183245
0.9718768725;0.0125503882;0.0101306411;0.0054420983
0.9168317367;0.039463688;0.0230114957;0.0206930796
0.9342096529;0.0263148686;0.0320788499;0.0073966286
0.9168317367;0.039463688;0.0230114957;0.0206930796
0.91671367;0.039521665;0.0230384509;0.0207262141
0.8600870232;0.1025066405;0.0239389708;0.0134673654
0.9740295044;0.0176274149;0.003943679;0.0043994016
0.8994223733;0.043381225;0.0333658268;0.0238305749
0.9647603394;0.01399318;0.0148875464;0.0063589342
0.9708397094;0.0195345647;0.0084453896;0.0011803363
0.9740811975;0.0175921398;0.0039387238;0.0043879389
0.8962799511;0.0494235984;0.0312001737;0.0230962768
0.8997704595;0.0330130592;0.058780471;0.0084360103
0.9666449646;0.015189672;0.0127470389;0.0054183246
0.8995630195;0.0433176678;0.033326842;0.0237924707
0.9665845997;0.0152202931;0.0127626341;0.0054324731
0.9484214849;0.0204351076;0.0257058118;0.0054375957
0.9784198142;0.0119764493;0.0079247981;0.0016789384
0.8994223733;0.043381225;0.0333658268;0.0238305749
0.9781133945;0.012156962;0.0080308516;0.0016987918
0.91671367;0.039521665;0.0230384509;0.0207262141
0.9740295044;0.0176274149;0.003943679;0.0043994016
0.9342201584;0.0263087548;0.032076266;0.0073948208
0.9709039261;0.0194905683;0.0084274101;0.0011780955
0.9532627069;0.018752332;0.0093303659;0.0186545952
0.91671367;0.039521665;0.0230384509;0.0207262141
0.9168317367;0.039463688;0.0230114957;0.0206930796
0.9736515421;0.0178853861;0.003980057;0.0044830147
0.9665845997;0.0152202931;0.0127626341;0.0054324731
0.9687852875;0.0233578167;0.0051188564;0.0027380395
0.8919550077;0.0651049711;0.0352750802;0.007664941
0.91671367;0.039521665;0.0230384509;0.0207262141
0.9718591978;0.0125590134;0.0101349533;0.0054468354
0.8991968101;0.0434831661;0.0334282787;0.0238917451
0.8964508405;0.0493388924;0.0311573688;0.0230528983
0.9659515804;0.0259056376;0.0069614711;0.0011813109
0.9168317367;0.039463688;0.0230114957;0.0206930796
0.91671367;0.039521665;0.0230384509;0.0207262141
0.9166930244;0.0395318059;0.0230431438;0.0207320259
0.9638796383;0.0160240642;0.0139336425;0.006162655
0.9196157031;0.0260230668;0.0481624189;0.0061988111
0.975435704;0.0121896051;0.0096431674;0.0027315235
0.8994223733;0.043381225;0.0333658268;0.0238305749
0.8997704595;0.0330130592;0.058780471;0.0084360103
0.8998440922;0.0329741052;0.0587566263;0.0084251763
0.8993977807;0.0433923419;0.0333726188;0.0238372586
0.8604153469;0.1022742887;0.0238792993;0.0134310651
0.91671367;0.039521665;0.0230384509;0.0207262141
0.8963053833;0.0494109913;0.0311938216;0.0230898038
0.9651292459;0.0138273397;0.014780978;0.0062624364
0.963972633;0.0159780587;0.0139095654;0.0061397428
0.9170988376;0.0534050753;0.0112283243;0.0182677628
0.8600870232;0.1025066405;0.0239389708;0.0134673654
0.9342201584;0.0263087548;0.032076266;0.0073948208
0.9342201584;0.0263087548;0.032076266;0.0073948208
0.9170778812;0.0534186468;0.011230594;0.018272878
0.9651292459;0.0138273397;0.014780978;0.0062624364
0.8997566741;0.0330205526;0.0587846984;0.0084380749
0.976478648;0.0146211592;0.0073469519;0.0015532409
0.9342201584;0.0263087548;0.032076266;0.0073948208
0.9740811975;0.0175921398;0.0039387238;0.0043879389
0.8995630195;0.0433176678;0.033326842;0.0237924707
0.9168317367;0.039463688;0.0230114957;0.0206930796
0.964261377;0.0158352902;0.0138341984;0.0060691344
0.9707438819;0.0136894567;0.0118073051;0.0037593563
0.9784198142;0.0119764493;0.0079247981;0.0016789384
0.8995630195;0.0433176678;0.033326842;0.0237924707
0.9647603394;0.01399318;0.0148875464;0.0063589342
0.859552744;0.0988010526;0.0395029586;0.0021432448
0.91671367;0.039521665;0.0230384509;0.0207262141
0.9166930244;0.0395318059;0.0230431438;0.0207320259
0.9677904141;0.0114550446;0.0056637007;0.0150908406
0.91671367;0.039521665;0.0230384509;0.0207262141
0.9716931689;0.0126401625;0.0101748272;0.0054918413
0.8995630195;0.0433176678;0.033326842;0.0237924707
0.8995630195;0.0433176678;0.033326842;0.0237924707
0.8963053833;0.0494109913;0.0311938216;0.0230898038
0.9342201584;0.0263087548;0.032076266;0.0073948208
0.8994223733;0.043381225;0.0333658268;0.0238305749
0.9342201584;0.0263087548;0.032076266;0.0073948208
0.9651292459;0.0138273397;0.014780978;0.0062624364
0.9196570494;0.0260432392;0.0480992164;0.006200495
0.9661432329;0.0154441534;0.0128769533;0.0055356604
0.8991968101;0.0434831661;0.0334282787;0.0238917451
0.9716251117;0.0126734066;0.0101912717;0.00551021
0.8997704595;0.0330130592;0.058780471;0.0084360103
0.9781133945;0.012156962;0.0080308516;0.0016987918
0.9342201584;0.0263087548;0.032076266;0.0073948208
0.89169598;0.0652534792;0.0353649126;0.0076856281
0.9030484821;0.0474083288;0.0289299652;0.0206132239
0.9233204449;0.0205965956;0.0462301521;0.0098528074
0.964261377;0.0158352902;0.0138341984;0.0060691344
0.9659515804;0.0259056376;0.0069614711;0.0011813109
0.9661432329;0.0154441534;0.0128769533;0.0055356604
0.8997704595;0.0330130592;0.058780471;0.0084360103
0.8995630195;0.0433176678;0.033326842;0.0237924707
0.8994223733;0.043381225;0.0333658268;0.0238305749
0.8600870232;0.1025066405;0.0239389708;0.0134673654
0.8898509481;0.025173636;0.0795427898;0.0054326261
0.9718591978;0.0125590134;0.0101349533;0.0054468354
0.9692232855;0.0230191077;0.0050513311;0.0027062757
0.9640565898;0.0159365558;0.0138875775;0.0061192769
0.9196396674;0.0260233082;0.0481393534;0.006197671
0.9729036487;0.0172863033;0.004967052;0.004842996
0.9532627069;0.018752332;0.0093303659;0.0186545952
0.9664347375;0.0255290308;0.0068683332;0.0011678985
0.9784198142;0.0119764493;0.0079247981;0.0016789384
0.9661538784;0.0257506379;0.006920638;0.0011748457
0.8994223733;0.043381225;0.0333658268;0.0238305749
0.9714951528;0.0127369786;0.0102222186;0.00554565
0.9708397094;0.0195345647;0.0084453896;0.0011803363
0.8994223733;0.043381225;0.0333658268;0.0238305749
0.8483886207;0.1135392807;0.0323614996;0.0057105989
0.8963053833;0.0494109913;0.0311938216;0.0230898038
0.9168317367;0.039463688;0.0230114957;0.0206930796
0.9736515421;0.0178853861;0.003980057;0.0044830147
0.9754887863;0.0121623481;0.0096226226;0.002726243
0.9342201584;0.0263087548;0.032076266;0.0073948208
0.8963053833;0.0494109913;0.0311938216;0.0230898038
0.8483886207;0.1135392807;0.0323614996;0.0057105989
0.9736515421;0.0178853861;0.003980057;0.0044830147
0.8483886207;0.1135392807;0.0323614996;0.0057105989
0.8963053833;0.0494109913;0.0311938216;0.0230898038
0.8994223733;0.043381225;0.0333658268;0.0238305749
0.9740811975;0.0175921398;0.0039387238;0.0043879389
0.9651292459;0.0138273397;0.014780978;0.0062624364
0.9484427548;0.0204497247;0.0256684332;0.0054390874
0.9646953248;0.0140224314;0.0149062099;0.0063760339
0.8997704595;0.0330130592;0.058780471;0.0084360103
0.9646953248;0.0140224314;0.0149062099;0.0063760339
0.9168317367;0.039463688;0.0230114957;0.0206930796
0.8995630195;0.0433176678;0.033326842;0.0237924707
0.8598800013;0.0985775781;0.0394048638;0.0021375567
0.9659515804;0.0259056376;0.0069614711;0.0011813109
0.9651292459;0.0138273397;0.014780978;0.0062624364
0.8995630195;0.0433176678;0.033326842;0.0237924707
0.9727024137;0.0174168965;0.0049902317;0.0048904582
0.8997704595;0.0330130592;0.058780471;0.0084360103
0.91671367;0.039521665;0.0230384509;0.0207262141
0.9664347375;0.0255290308;0.0068683332;0.0011678985
0.9726305363;0.0174635469;0.0049985395;0.0049073773
0.9166930244;0.0395318059;0.0230431438;0.0207320259
0.8998440922;0.0329741052;0.0587566263;0.0084251763
0.8997704595;0.0330130592;0.058780471;0.0084360103
0.9664347375;0.0255290308;0.0068683332;0.0011678985
0.9740295044;0.0176274149;0.003943679;0.0043994016
0.9727024137;0.0174168965;0.0049902317;0.0048904582
0.9646953248;0.0140224314;0.0149062099;0.0063760339
0.9232726916;0.0205771962;0.0463008388;0.0098492734
0.8994223733;0.043381225;0.0333658268;0.0238305749
0.8963053833;0.0494109913;0.0311938216;0.0230898038
0.8604153469;0.1022742887;0.0238792993;0.0134310651
0.9714951528;0.0127369786;0.0102222186;0.00554565
0.8993977807;0.0433923419;0.0333726188;0.0238372586
0.8998440922;0.0329741052;0.0587566263;0.0084251763
0.9661432329;0.0154441534;0.0128769533;0.0055356604
0.9714951528;0.0127369786;0.0102222186;0.00554565
0.968989195;0.0222114626;0.0083407336;0.0004586088
0.9727024137;0.0174168965;0.0049902317;0.0048904582
0.8994223733;0.043381225;0.0333658268;0.0238305749
0.91964949;0.0260415639;0.048108387;0.0062005592
0.8995630195;0.0433176678;0.033326842;0.0237924707
0.9484427548;0.0204497247;0.0256684331;0.0054390874
0.8998440922;0.0329741052;0.0587566263;0.0084251763
0.9196086657;0.0260183956;0.0481746429;0.0061982958
0.91671367;0.039521665;0.0230384509;0.0207262141
0.8997704595;0.0330130592;0.058780471;0.0084360103
0.9661538784;0.0257506379;0.006920638;0.0011748457
0.9677891291;0.011462257;0.0056521601;0.0150964538
0.9651292459;0.0138273397;0.014780978;0.0062624364
0.9233130428;0.0205953056;0.0462387463;0.0098529054
0.8994223733;0.043381225;0.0333658268;0.0238305749
0.8963053833;0.0494109913;0.0311938216;0.0230898038
0.8995630195;0.0433176678;0.033326842;0.0237924707
0.9168317367;0.039463688;0.0230114957;0.0206930796
0.9677906228;0.0114625176;0.0056505505;0.015096309
0.8994223733;0.043381225;0.0333658268;0.0238305749
0.9625205941;0.012523025;0.019237897;0.0057184839
0.8985677301;0.0307201096;0.0575097616;0.0132023987
0.8993977807;0.0433923419;0.0333726188;0.0238372586
0.917218698;0.0533274331;0.0112152745;0.0182385943
0.9740295044;0.0176274149;0.003943679;0.0043994016
0.9196396674;0.0260233082;0.0481393534;0.006197671
0.8994223733;0.043381225;0.0333658268;0.0238305749
0.9196157031;0.0260230668;0.0481624189;0.0061988111
0.91671367;0.039521665;0.0230384509;0.0207262141
0.9690339258;0.0231667447;0.0050800188;0.0027193108
0.9341284634;0.0263613687;0.0320997077;0.0074104603
0.91671367;0.039521665;0.0230384509;0.0207262141
0.9342201584;0.0263087548;0.032076266;0.0073948208
0.8483886207;0.1135392807;0.0323614996;0.0057105989
0.8993977807;0.0433923419;0.0333726188;0.0238372586
0.9659515804;0.0259056376;0.0069614711;0.0011813109
0.8994223733;0.043381225;0.0333658268;0.0238305749
0.9665845997;0.0152202931;0.0127626341;0.0054324731
0.9638123679;0.016057343;0.0139510636;0.0061792255
0.9666449646;0.015189672;0.0127470389;0.0054183246
0.859552744;0.0988010526;0.0395029586;0.0021432448
0.8994223733;0.043381225;0.0333658268;0.0238305749
0.8897744199;0.0251490765;0.0796458461;0.0054306575
0.9342201584;0.0263087548;0.032076266;0.0073948208
0.8600870232;0.1025066405;0.0239389708;0.0134673654
0.9170778812;0.0534186468;0.011230594;0.018272878
0.9665845997;0.0152202931;0.0127626341;0.0054324731
0.91671367;0.039521665;0.0230384509;0.0207262141
0.9740295044;0.0176274149;0.003943679;0.0043994016
0.9740295044;0.0176274149;0.003943679;0.0043994016
0.91671367;0.039521665;0.0230384509;0.0207262141
0.9661432329;0.0154441534;0.0128769533;0.0055356604
0.9170988376;0.0534050753;0.0112283243;0.0182677628
0.8483886207;0.1135392807;0.0323614996;0.0057105989
0.9692232855;0.0230191077;0.0050513311;0.0027062757
0.9232726916;0.0205771962;0.0463008389;0.0098492734
0.9651292459;0.0138273397;0.014780978;0.0062624364
0.9484427548;0.0204497247;0.0256684331;0.0054390874
0.9781133945;0.012156962;0.0080308516;0.0016987918
0.9666449646;0.015189672;0.0127470389;0.0054183245
0.9648502159;0.0139527413;0.0148617527;0.0063352901
0.9661432329;0.0154441534;0.0128769533;0.0055356604
0.9665845997;0.0152202931;0.0127626341;0.0054324731
0.8483241222;0.1135862159;0.0323762163;0.0057134456
0.9170778812;0.0534186468;0.011230594;0.018272878
0.917218698;0.0533274331;0.0112152745;0.0182385943
0.8994223733;0.043381225;0.0333658268;0.0238305749
0.8604153469;0.1022742887;0.0238792993;0.0134310651
0.9651292459;0.0138273397;0.014780978;0.0062624364
0.8998440922;0.0329741052;0.0587566263;0.0084251763
0.9718591978;0.0125590134;0.0101349533;0.0054468354
0.9342201584;0.0263087548;0.032076266;0.0073948208
0.8594927416;0.0988419105;0.0395210467;0.0021443011
0.9715497021;0.0127102952;0.0102092265;0.0055307762
0.9648502159;0.0139527413;0.0148617527;0.0063352901
0.9170778812;0.0534186468;0.011230594;0.018272878
0.8984913675;0.0307565795;0.0575326561;0.0132193969
0.978466469;0.0119496164;0.0079082166;0.001675698
0.91671367;0.039521665;0.0230384509;0.0207262141
0.9661432329;0.0154441534;0.0128769533;0.0055356604
0.917218698;0.0533274331;0.0112152745;0.0182385943
0.91671367;0.039521665;0.0230384509;0.0207262141
0.964261377;0.0158352902;0.0138341984;0.0060691344
0.8994223733;0.043381225;0.0333658268;0.0238305749
0.9232726916;0.0205771962;0.0463008388;0.0098492734
0.9677891291;0.011462257;0.0056521601;0.0150964538
0.8483886207;0.1135392807;0.0323614996;0.0057105989
0.9646953248;0.0140224314;0.0149062099;0.0063760339
0.9727024137;0.0174168965;0.0049902317;0.0048904582
0.9716251117;0.0126734066;0.0101912717;0.00551021
0.8994223733;0.043381225;0.0333658268;0.0238305749
0.9730723892;0.0171767837;0.0049475349;0.0048032921
0.8964508405;0.0493388924;0.0311573688;0.0230528983
0.9666449646;0.015189672;0.0127470389;0.0054183246
0.91671367;0.039521665;0.0230384509;0.0207262141
0.8483886207;0.1135392807;0.0323614996;0.0057105989
0.9784198142;0.0119764493;0.0079247981;0.0016789384
0.9342760161;0.0262769267;0.0320617221;0.0073853351
0.9648502159;0.0139527413;0.0148617527;0.0063352901
0.9648502159;0.0139527413;0.0148617527;0.0063352901
0.9740295044;0.0176274149;0.003943679;0.0043994016
0.8964508405;0.0493388924;0.0311573688;0.0230528983
0.9341284634;0.0263613687;0.0320997077;0.0074104603
0.8994223733;0.043381225;0.0333658268;0.0238305749
0.91671367;0.039521665;0.0230384509;0.0207262141
0.9687852875;0.0233578167;0.0051188564;0.0027380395
0.9170988376;0.0534050753;0.0112283243;0.0182677628
0.9692232855;0.0230191077;0.0050513311;0.0027062757
0.8998440922;0.0329741052;0.0587566263;0.0084251763
0.9646953248;0.0140224314;0.0149062099;0.0063760339
0.9736515421;0.0178853861;0.003980057;0.0044830147
0.91671367;0.039521665;0.0230384509;0.0207262141
0.9646953248;0.0140224314;0.0149062099;0.0063760339
0.8994223733;0.043381225;0.0333658268;0.0238305749
0.9665845997;0.0152202931;0.0127626342;0.0054324731
0.9646953248;0.0140224314;0.0149062099;0.0063760339
0.9677891291;0.011462257;0.0056521601;0.0150964538
0.9716251117;0.0126734066;0.0101912717;0.00551021
0.9342096529;0.0263148686;0.0320788499;0.0073966286
0.9168317367;0.039463688;0.0230114957;0.0206930796
0.9707438819;0.0136894567;0.0118073051;0.0037593563
0.8483886207;0.1135392807;0.0323614996;0.0057105989
0.970796054;0.0136619206;0.0117924469;0.0037495786
0.91671367;0.039521665;0.0230384509;0.0207262141
0.9716251117;0.0126734066;0.0101912717;0.00551021
0.9716251117;0.0126734066;0.0101912717;0.00551021
0.9661538784;0.0257506379;0.006920638;0.0011748457
0.91671367;0.039521665;0.0230384509;0.0207262141
0.968989195;0.0222114626;0.0083407336;0.0004586088
0.9648502159;0.0139527413;0.0148617527;0.0063352901
0.8997704595;0.0330130592;0.058780471;0.0084360103
0.8964508405;0.0493388924;0.0311573688;0.0230528983
0.9740811975;0.0175921398;0.0039387238;0.0043879389
0.9689700998;0.0232181911;0.0050889807;0.0027227284
0.91671367;0.039521665;0.0230384509;0.0207262141
0.9168317367;0.039463688;0.0230114957;0.0206930796
0.8600267841;0.1025491306;0.0239499781;0.0134741072
0.9168317367;0.039463688;0.0230114957;0.0206930796
0.9661432329;0.0154441534;0.0128769533;0.0055356604
0.8994223733;0.043381225;0.0333658268;0.0238305749
0.9661432329;0.0154441534;0.0128769533;0.0055356604
0.8994223733;0.043381225;0.0333658268;0.0238305749
0.91671367;0.039521665;0.0230384509;0.0207262141
0.8997704595;0.0330130592;0.058780471;0.0084360103
0.8600870232;0.1025066405;0.0239389708;0.0134673654
0.8919550077;0.0651049711;0.0352750802;0.007664941
0.8963053833;0.0494109913;0.0311938216;0.0230898038
0.9677906228;0.0114625176;0.0056505505;0.015096309
0.9196570494;0.0260432392;0.0480992164;0.006200495
0.9665845997;0.0152202931;0.0127626341;0.0054324731
0.9707438819;0.0136894567;0.0118073051;0.0037593563
0.8994223733;0.043381225;0.0333658268;0.0238305749
0.9168317367;0.039463688;0.0230114957;0.0206930796
0.9651292459;0.0138273397;0.014780978;0.0062624364
0.9714951528;0.0127369786;0.0102222186;0.00554565
0.9687852875;0.0233578167;0.0051188564;0.0027380395
0.9659515804;0.0259056376;0.0069614711;0.0011813109
0.8600870232;0.1025066405;0.0239389708;0.0134673654
0.9342760161;0.0262769267;0.0320617221;0.0073853351
0.9168317367;0.039463688;0.0230114957;0.0206930796
0.9342201584;0.0263087548;0.032076266;0.0073948208
0.8963053833;0.0494109913;0.0311938216;0.0230898038
0.89516098;0.0393291032;0.0437555976;0.0217543191
0.8483241222;0.1135862159;0.0323762163;0.0057134456
0.9687852875;0.0233578167;0.0051188564;0.0027380395
0.9196570494;0.0260432392;0.0480992164;0.006200495
0.8919550077;0.0651049711;0.0352750802;0.007664941
0.8995630195;0.0433176678;0.033326842;0.0237924707
0.9533160718;0.018728348;0.0093249811;0.0186305991
0.963972633;0.0159780587;0.0139095654;0.0061397428
0.8483886207;0.1135392807;0.0323614996;0.0057105989
0.9659515804;0.0259056376;0.0069614711;0.0011813109
0.9687310252;0.0224041735;0.0084036137;0.0004611877
0.91671367;0.039521665;0.0230384509;0.0207262141
0.8604153469;0.1022742887;0.0238792993;0.0134310651
0.917218698;0.0533274331;0.0112152745;0.0182385943
0.9664347375;0.0255290308;0.0068683332;0.0011678985
0.9718768725;0.0125503882;0.0101306411;0.0054420983
0.9740295044;0.0176274149;0.003943679;0.0043994016
0.968622315;0.0224826224;0.0084324754;0.0004625873
0.9533160718;0.018728348;0.0093249811;0.0186305991
0.8483886207;0.1135392807;0.0323614996;0.0057105989
0.9232726916;0.0205771962;0.0463008388;0.0098492734
0.9168317367;0.039463688;0.0230114957;0.0206930796
0.9677906228;0.0114625176;0.0056505505;0.015096309
0.89169598;0.0652534792;0.0353649126;0.0076856281
0.9716251117;0.0126734066;0.0101912717;0.00551021
0.978466469;0.0119496164;0.0079082166;0.001675698
0.9624566743;0.0125484462;0.0192614707;0.0057334087
0.8487405254;0.1132825579;0.0322816457;0.0056952709
0.8964508405;0.0493388924;0.0311573688;0.0230528983
0.8994223733;0.043381225;0.0333658268;0.0238305749
0.8995630195;0.0433176678;0.033326842;0.0237924707
0.8964508405;0.0493388924;0.0311573688;0.0230528983
0.9533160718;0.018728348;0.0093249811;0.0186305991
0.9170988376;0.0534050753;0.0112283243;0.0182677628
0.9646953248;0.0140224314;0.0149062099;0.0063760339
0.8994223733;0.043381225;0.0333658268;0.0238305749
0.8998440922;0.0329741052;0.0587566263;0.0084251763
0.8595523739;0.102884605;0.0240363102;0.013526711
0.9168317367;0.039463688;0.0230114957;0.0206930796
0.9651292459;0.0138273397;0.014780978;0.0062624364
0.9736515421;0.0178853861;0.003980057;0.0044830147
0.9168317367;0.039463688;0.0230114957;0.0206930796
0.9233130429;0.0205953056;0.0462387462;0.0098529054
0.9168317367;0.039463688;0.0230114957;0.0206930796
0.8994223733;0.043381225;0.0333658268;0.0238305749
0.8595523739;0.102884605;0.0240363102;0.013526711
0.8994223733;0.043381225;0.0333658268;0.0238305749
0.9232726916;0.0205771962;0.0463008388;0.0098492734
0.9715497021;0.0127102952;0.0102092265;0.0055307762
0.8600870232;0.1025066405;0.0239389708;0.0134673654
0.91671367;0.039521665;0.0230384509;0.0207262141
0.9168317367;0.039463688;0.0230114957;0.0206930796
0.9651292459;0.0138273397;0.014780978;0.0062624364
0.9727578439;0.017380931;0.0049838836;0.0048773415
0.9736515421;0.0178853861;0.003980057;0.0044830147
0.9342760161;0.0262769267;0.0320617221;0.0073853351
0.9740295044;0.0176274149;0.003943679;0.0043994016
0.9716251117;0.0126734066;0.0101912717;0.00551021
0.917218698;0.0533274331;0.0112152745;0.0182385943
0.9484427548;0.0204497247;0.0256684331;0.0054390874
0.9730723892;0.0171767837;0.0049475349;0.0048032921
0.8994223733;0.043381225;0.0333658268;0.0238305749
0.9196157031;0.0260230668;0.0481624189;0.0061988111
0.8997704595;0.0330130592;0.058780471;0.0084360103
0.9170778812;0.0534186468;0.011230594;0.018272878
0.9714951528;0.0127369786;0.0102222186;0.00554565
0.8995630195;0.0433176678;0.033326842;0.0237924707
0.9661432329;0.0154441534;0.0128769533;0.0055356604
0.9736515421;0.0178853861;0.003980057;0.0044830147
0.9687852875;0.0233578167;0.0051188564;0.0027380395
0.8604153469;0.1022742887;0.0238792993;0.0134310651
0.8604153469;0.1022742887;0.0238792993;0.0134310651
0.9342201584;0.0263087548;0.032076266;0.0073948208
0.91671367;0.039521665;0.0230384509;0.0207262141
0.9648502159;0.0139527413;0.0148617527;0.0063352901
0.9533160718;0.018728348;0.0093249811;0.0186305991
0.8964508405;0.0493388924;0.0311573688;0.0230528983
0.9739800651;0.0176611371;0.0039483745;0.0044104233
0.9166930244;0.0395318059;0.0230431438;0.0207320259
0.9651292459;0.0138273397;0.014780978;0.0062624364
0.9651292459;0.0138273397;0.014780978;0.0062624364
0.8604153469;0.1022742887;0.0238792993;0.0134310651
0.9718591978;0.0125590134;0.0101349533;0.0054468354
0.91671367;0.039521665;0.0230384509;0.0207262141
0.9718591978;0.0125590134;0.0101349533;0.0054468354
0.8994223733;0.043381225;0.0333658268;0.0238305749
0.8487405254;0.1132825579;0.0322816457;0.0056952709
0.9342760161;0.0262769267;0.0320617221;0.0073853351
0.8994223733;0.043381225;0.0333658268;0.0238305749
0.8995630195;0.0433176678;0.033326842;0.0237924707
0.9707438819;0.0136894567;0.0118073051;0.0037593563
0.8997704595;0.0330130592;0.058780471;0.0084360103
0.9692232855;0.0230191077;0.0050513311;0.0027062757
0.8487405254;0.1132825579;0.0322816457;0.0056952709
0.8994223733;0.043381225;0.0333658268;0.0238305749
0.9687310252;0.0224041735;0.0084036137;0.0004611877
0.8997704595;0.0330130592;0.058780471;0.0084360103
0.9651292459;0.0138273397;0.014780978;0.0062624364
0.9709039261;0.0194905683;0.0084274101;0.0011780955
0.9169066148;0.0535295818;0.0112492184;0.018314585
0.91671367;0.039521665;0.0230384509;0.0207262141
0.91671367;0.039521665;0.0230384509;0.0207262141
0.9740811975;0.0175921398;0.0039387238;0.0043879389
0.9342760161;0.0262769267;0.0320617221;0.0073853351
0.8994223733;0.043381225;0.0333658268;0.0238305749
0.91671367;0.039521665;0.0230384509;0.0207262141
0.8604153469;0.1022742887;0.0238792993;0.0134310651
0.9646953248;0.0140224314;0.0149062099;0.0063760339
0.9646953248;0.0140224314;0.0149062099;0.0063760339
0.9707438819;0.0136894567;0.0118073051;0.0037593563
0.917218698;0.0533274331;0.0112152745;0.0182385943
0.9709039261;0.0194905683;0.0084274101;0.0011780955
0.9619893095;0.0127342296;0.0194342121;0.0058422488
0.8994223733;0.043381225;0.0333658268;0.0238305749
0.9168317367;0.039463688;0.0230114957;0.0206930796
0.9170988376;0.0534050753;0.0112283243;0.0182677628
0.9484214849;0.0204351076;0.0257058118;0.0054375957
0.8998440922;0.0329741052;0.0587566263;0.0084251763
0.9659515804;0.0259056376;0.0069614711;0.0011813109
0.9661538784;0.0257506379;0.006920638;0.0011748457
0.8600870232;0.1025066405;0.0239389708;0.0134673654
0.9342201584;0.0263087548;0.032076266;0.0073948208
0.9677904141;0.0114550446;0.0056637007;0.0150908406
0.9342201584;0.0263087548;0.032076266;0.0073948208
0.8997704595;0.0330130592;0.058780471;0.0084360103
0.8483886207;0.1135392807;0.0323614996;0.0057105989
0.9716251117;0.0126734066;0.0101912717;0.00551021
0.9687852875;0.0233578167;0.0051188564;0.0027380395
0.8994223733;0.043381225;0.0333658268;0.0238305749
0.8994223733;0.043381225;0.0333658268;0.0238305749
0.9661432329;0.0154441534;0.0128769533;0.0055356604
0.8963053833;0.0494109913;0.0311938216;0.0230898038
0.9727024137;0.0174168965;0.0049902317;0.0048904582
0.917218698;0.0533274331;0.0112152745;0.0182385943
0.9342201584;0.0263087548;0.032076266;0.0073948208
0.9168317367;0.039463688;0.0230114957;0.0206930796
0.8993977807;0.0433923419;0.0333726188;0.0238372586
0.9718591978;0.0125590134;0.0101349533;0.0054468354
0.8487405254;0.1132825579;0.0322816457;0.0056952709
0.9740295044;0.0176274149;0.003943679;0.0043994016
0.8600870232;0.1025066405;0.0239389708;0.0134673654
0.9168317367;0.039463688;0.0230114957;0.0206930796
0.9624566743;0.0125484462;0.0192614707;0.0057334087
0.8598800013;0.0985775781;0.0394048638;0.0021375567
0.9648502159;0.0139527413;0.0148617527;0.0063352901
0.9730723892;0.0171767837;0.0049475349;0.0048032921
0.9168317367;0.039463688;0.0230114957;0.0206930796
0.8487405254;0.1132825579;0.0322816457;0.0056952709
0.9342201584;0.0263087548;0.032076266;0.0073948208
0.8994223733;0.043381225;0.0333658268;0.0238305749
0.9714951528;0.0127369786;0.0102222186;0.00554565
0.9342096529;0.0263148686;0.0320788498;0.0073966286
0.91671367;0.039521665;0.0230384509;0.0207262141
0.9708397094;0.0195345647;0.0084453896;0.0011803363
0.9692232855;0.0230191077;0.0050513311;0.0027062757
0.9196570494;0.0260432392;0.0480992164;0.006200495
0.8994223733;0.043381225;0.0333658268;0.0238305749
0.8994223733;0.043381225;0.0333658268;0.0238305749
0.8997704595;0.0330130592;0.058780471;0.0084360103
0.9651292459;0.0138273397;0.014780978;0.0062624364
0.91671367;0.039521665;0.0230384509;0.0207262141
0.8487405254;0.1132825579;0.0322816457;0.0056952709
0.8994223733;0.043381225;0.0333658268;0.0238305749
0.91671367;0.039521665;0.0230384509;0.0207262141
0.8994223733;0.043381225;0.0333658268;0.0238305749
0.8600870232;0.1025066405;0.0239389708;0.0134673654
0.9484214849;0.0204351076;0.0257058118;0.0054375957
0.8995630195;0.0433176678;0.033326842;0.0237924707
0.917218698;0.0533274331;0.0112152745;0.0182385943
0.8964508405;0.0493388924;0.0311573688;0.0230528983
0.8994223733;0.043381225;0.0333658268;0.0238305749
0.9727024137;0.0174168965;0.0049902317;0.0048904582
0.9665845997;0.0152202931;0.0127626342;0.0054324731
0.970796054;0.0136619206;0.0117924469;0.0037495786
0.9677891291;0.011462257;0.0056521601;0.0150964538
0.8997566741;0.0330205526;0.0587846984;0.0084380749
0.8898509481;0.025173636;0.0795427898;0.0054326261
0.917218698;0.0533274331;0.0112152745;0.0182385943
0.9342760161;0.0262769267;0.0320617221;0.0073853351
0.91671367;0.039521665;0.0230384509;0.0207262141
0.9651292459;0.0138273397;0.014780978;0.0062624364
0.8898509479;0.0251736359;0.07954279;0.0054326261
0.9652035172;0.0140738396;0.0070200148;0.0137026284
0.9170988376;0.0534050753;0.0112283243;0.0182677628
0.9740295045;0.0176274149;0.003943679;0.0043994016
0.9707438819;0.0136894567;0.0118073051;0.0037593563
0.9665845997;0.0152202931;0.0127626342;0.0054324731
0.9665845997;0.0152202931;0.0127626341;0.0054324731
0.8993977807;0.0433923419;0.0333726188;0.0238372586
0.9664347375;0.0255290308;0.0068683332;0.0011678985
0.9784198142;0.0119764493;0.0079247981;0.0016789384
0.8994223733;0.043381225;0.0333658268;0.0238305749
0.9168317367;0.039463688;0.0230114957;0.0206930796
0.91671367;0.039521665;0.0230384509;0.0207262141
0.9233204449;0.0205965956;0.0462301521;0.0098528074
0.9736515421;0.0178853861;0.003980057;0.0044830147
0.9168317367;0.039463688;0.0230114957;0.0206930796
0.8964508405;0.0493388924;0.0311573688;0.0230528983
0.91671367;0.039521665;0.0230384509;0.0207262141
0.917218698;0.0533274331;0.0112152745;0.0182385943
0.8995630195;0.0433176678;0.033326842;0.0237924707
0.9659515804;0.0259056376;0.0069614711;0.0011813109
0.8962799511;0.0494235984;0.0312001737;0.0230962768
0.9665845997;0.0152202931;0.0127626341;0.0054324731
0.8993977807;0.0433923419;0.0333726188;0.0238372586
0.9168317367;0.039463688;0.0230114957;0.0206930796
0.9651292459;0.0138273397;0.014780978;0.0062624364
0.9665845997;0.0152202931;0.0127626341;0.0054324731
0.89169598;0.0652534792;0.0353649126;0.0076856281
0.9168317367;0.039463688;0.0230114957;0.0206930796
0.9784198142;0.0119764493;0.0079247981;0.0016789384
0.8963053833;0.0494109913;0.0311938216;0.0230898038
0.8963053833;0.0494109913;0.0311938216;0.0230898038
0.9714951528;0.0127369786;0.0102222186;0.00554565
0.9651292459;0.0138273397;0.014780978;0.0062624364
0.9646953248;0.0140224314;0.0149062099;0.0063760339
0.9740295044;0.0176274149;0.003943679;0.0043994016
0.91671367;0.039521665;0.0230384509;0.0207262141
0.91671367;0.039521665;0.0230384509;0.0207262141
0.9707438819;0.0136894567;0.0118073051;0.0037593563
0.9166930244;0.0395318059;0.0230431438;0.0207320259
0.9740295045;0.0176274149;0.003943679;0.0043994016
0.9168317367;0.039463688;0.0230114957;0.0206930796
0.9665845997;0.0152202931;0.0127626341;0.0054324731
0.9342201584;0.0263087548;0.032076266;0.0073948208
0.9166930244;0.0395318059;0.0230431438;0.0207320259
0.9646953248;0.0140224314;0.0149062099;0.0063760339
0.9484365624;0.0204347319;0.0256921029;0.0054366028
0.8997704595;0.0330130592;0.058780471;0.0084360103
0.9648502159;0.0139527413;0.0148617527;0.0063352901
0.9661432329;0.0154441534;0.0128769533;0.0055356604
0.9166930244;0.0395318059;0.0230431438;0.0207320259
0.9665845997;0.0152202931;0.0127626341;0.0054324731
0.9532627069;0.018752332;0.0093303659;0.0186545952
0.9716251117;0.0126734066;0.0101912717;0.00551021
0.9661432329;0.0154441534;0.0128769533;0.0055356604
0.9714951528;0.0127369786;0.0102222186;0.00554565
0.8995630195;0.0433176678;0.033326842;0.0237924707
0.8600870232;0.1025066405;0.0239389708;0.0134673654
0.9342201584;0.0263087548;0.032076266;0.0073948208
0.8994223733;0.043381225;0.0333658268;0.0238305749
0.9646953248;0.0140224314;0.0149062099;0.0063760339
0.9168317367;0.039463688;0.0230114957;0.0206930796
0.9651292459;0.0138273397;0.014780978;0.0062624364
0.9640565898;0.0159365558;0.0138875775;0.0061192769
0.8604153469;0.1022742887;0.0238792993;0.0134310651
0.9168317367;0.039463688;0.0230114957;0.0206930796
0.8995630195;0.0433176678;0.033326842;0.0237924707
0.9532627069;0.018752332;0.0093303659;0.0186545952
0.8604153469;0.1022742887;0.0238792993;0.0134310651
0.9708397094;0.0195345647;0.0084453896;0.0011803363
0.9784198142;0.0119764493;0.0079247981;0.0016789384
0.9168317367;0.039463688;0.0230114957;0.0206930796
0.8995630195;0.0433176678;0.033326842;0.0237924707
0.9784198142;0.0119764493;0.0079247981;0.0016789384
0.9736515421;0.0178853861;0.003980057;0.0044830147
0.8995630195;0.0433176678;0.033326842;0.0237924707
0.9784728038;0.0119448093;0.0079067404;0.0016756465
0.8994223733;0.043381225;0.0333658268;0.0238305749
0.8994223733;0.043381225;0.0333658268;0.0238305749
0.917218698;0.0533274331;0.0112152745;0.0182385943
0.9646953248;0.0140224314;0.0149062099;0.0063760339
0.9648502159;0.0139527413;0.0148617527;0.0063352901
0.9638123679;0.016057343;0.0139510636;0.0061792255
0.8995630195;0.0433176678;0.033326842;0.0237924707
0.91671367;0.039521665;0.0230384509;0.0207262141
0.8998440922;0.0329741052;0.0587566263;0.0084251763
0.9740295045;0.0176274149;0.003943679;0.0043994016
0.91671367;0.039521665;0.0230384509;0.0207262141
0.9196157031;0.0260230668;0.0481624189;0.0061988111
0.9166930244;0.0395318059;0.0230431438;0.0207320259
0.8964508405;0.0493388924;0.0311573688;0.0230528983
0.9342760161;0.0262769267;0.0320617221;0.0073853351
0.9168317367;0.039463688;0.0230114957;0.0206930796
0.9342760161;0.0262769267;0.0320617221;0.0073853351
0.9342760161;0.0262769267;0.0320617221;0.0073853351
0.91671367;0.039521665;0.0230384509;0.0207262141
0.8997566741;0.0330205526;0.0587846984;0.0084380749
0.9168317367;0.039463688;0.0230114957;0.0206930796
0.8604153469;0.1022742887;0.0238792993;0.0134310651
0.9168317367;0.039463688;0.0230114957;0.0206930796
0.8963053833;0.0494109913;0.0311938216;0.0230898038
0.9716251117;0.0126734066;0.0101912717;0.00551021
0.9196157031;0.0260230668;0.0481624189;0.0061988111
0.9166930244;0.0395318059;0.0230431438;0.0207320259
0.9222191346;0.0119959637;0.0552539713;0.0105309304
0.9651292459;0.0138273397;0.014780978;0.0062624364
0.859552744;0.0988010526;0.0395029586;0.0021432448
0.8963053833;0.0494109913;0.0311938216;0.0230898038
0.8600267841;0.1025491306;0.0239499781;0.0134741072
0.965556377;0.0239727338;0.0090311876;0.0014397016
0.9638796383;0.0160240642;0.0139336425;0.006162655
0.9784198142;0.0119764493;0.0079247981;0.0016789384
0.978466469;0.0119496164;0.0079082166;0.001675698
0.8995630195;0.0433176678;0.033326842;0.0237924707
0.8483886207;0.1135392807;0.0323614996;0.0057105989
0.9233130429;0.0205953056;0.0462387462;0.0098529054
0.8997704595;0.0330130592;0.058780471;0.0084360103
0.9718591978;0.0125590134;0.0101349533;0.0054468354
0.9651292459;0.0138273397;0.014780978;0.0062624364
0.9709039261;0.0194905683;0.0084274101;0.0011780955
0.8995630195;0.0433176678;0.033326842;0.0237924707
0.8994223733;0.043381225;0.0333658268;0.0238305749
0.9689700998;0.0232181911;0.0050889807;0.0027227284
0.9716251117;0.0126734066;0.0101912717;0.00551021
0.9677906228;0.0114625176;0.0056505505;0.015096309
0.8487405254;0.1132825579;0.0322816457;0.0056952709
0.9563163744;0.015499707;0.0075943913;0.0205895272
0.8600870232;0.1025066405;0.0239389708;0.0134673654
0.8483886207;0.1135392807;0.0323614996;0.0057105989
0.8994223733;0.043381225;0.0333658268;0.0238305749
0.9687852875;0.0233578167;0.0051188564;0.0027380395
0.8998440922;0.0329741052;0.0587566263;0.0084251763
0.91671367;0.039521665;0.0230384509;0.0207262141
0.8994223733;0.043381225;0.0333658268;0.0238305749
0.9342201584;0.0263087548;0.032076266;0.0073948208
0.8995630195;0.0433176678;0.033326842;0.0237924707
0.8995630195;0.0433176678;0.033326842;0.0237924707
0.8963053833;0.0494109913;0.0311938216;0.0230898038
0.8994223733;0.043381225;0.0333658268;0.0238305749
0.9666449646;0.015189672;0.0127470389;0.0054183246
0.9687852875;0.0233578167;0.0051188564;0.0027380395
0.859552744;0.0988010526;0.0395029586;0.0021432448
0.8993977807;0.0433923419;0.0333726188;0.0238372586
0.8487405254;0.1132825579;0.0322816457;0.0056952709
0.9222191348;0.0119959637;0.055253971;0.0105309304
0.917218698;0.0533274331;0.0112152745;0.0182385943
0.8995630195;0.0433176678;0.033326842;0.0237924707
0.8997566741;0.0330205526;0.0587846984;0.0084380749
0.91671367;0.039521665;0.0230384509;0.0207262141
0.9168317367;0.039463688;0.0230114957;0.0206930796
0.9661432329;0.0154441534;0.0128769533;0.0055356604
0.9619893095;0.0127342296;0.0194342121;0.0058422488
0.9736515421;0.0178853861;0.003980057;0.0044830147
0.8994223733;0.043381225;0.0333658268;0.0238305749
0.896072109;0.0495266217;0.0312522207;0.0231490485
0.8995630195;0.0433176678;0.033326842;0.0237924707
0.9666449646;0.015189672;0.0127470389;0.0054183245
0.91671367;0.039521665;0.0230384509;0.0207262141
0.9221634742;0.0119846802;0.0553248135;0.0105270321
0.9781133945;0.012156962;0.0080308516;0.0016987918
0.9638123679;0.016057343;0.0139510636;0.0061792255
0.9661432329;0.0154441534;0.0128769533;0.0055356604
0.8604153469;0.1022742887;0.0238792993;0.0134310651
0.8997704595;0.0330130592;0.058780471;0.0084360103
0.8997704595;0.0330130592;0.058780471;0.0084360103
0.9170988376;0.0534050753;0.0112283243;0.0182677628
0.9168317367;0.039463688;0.0230114957;0.0206930796
0.9665845997;0.0152202931;0.0127626341;0.0054324731
0.9342760161;0.0262769267;0.0320617221;0.0073853351
0.8995630195;0.0433176678;0.033326842;0.0237924707
0.978466469;0.0119496164;0.0079082166;0.001675698
0.9652070382;0.0140733902;0.0070179489;0.0137016227
0.8997704595;0.0330130592;0.058780471;0.0084360103
0.8600870232;0.1025066405;0.0239389708;0.0134673654
0.8995630195;0.0433176678;0.033326842;0.0237924707
0.9736515421;0.0178853861;0.003980057;0.0044830147
0.8600267841;0.1025491306;0.0239499781;0.0134741072
0.9750868365;0.0123729434;0.0097763453;0.0027638748
0.8919550077;0.0651049711;0.0352750802;0.007664941
0.9196396674;0.0260233082;0.0481393534;0.006197671
0.9661432329;0.0154441534;0.0128769533;0.0055356604
0.976478648;0.0146211592;0.0073469519;0.0015532409
0.8963053833;0.0494109913;0.0311938216;0.0230898038
0.8998440922;0.0329741052;0.0587566263;0.0084251763
0.8994223733;0.043381225;0.0333658268;0.0238305749
0.9718591978;0.0125590134;0.0101349533;0.0054468354
0.9484214849;0.0204351076;0.0257058118;0.0054375957
0.9232726916;0.0205771962;0.0463008388;0.0098492734
0.9718768725;0.0125503882;0.0101306411;0.0054420983
0.9168317367;0.039463688;0.0230114957;0.0206930796
0.8994223733;0.043381225;0.0333658268;0.0238305749
0.9677904141;0.0114550446;0.0056637007;0.0150908406
0.8898509479;0.0251736359;0.07954279;0.0054326261
0.970796054;0.0136619206;0.0117924469;0.0037495786
0.91671367;0.039521665;0.0230384509;0.0207262141
0.978466469;0.0119496164;0.0079082166;0.001675698
0.917218698;0.0533274331;0.0112152745;0.0182385943
0.8487405254;0.1132825579;0.0322816457;0.0056952709
0.91671367;0.039521665;0.0230384509;0.0207262141
0.9222191346;0.0119959637;0.0552539713;0.0105309304
0.9665845997;0.0152202931;0.0127626341;0.0054324731
0.9651292459;0.0138273397;0.014780978;0.0062624364
0.8600870232;0.1025066405;0.0239389708;0.0134673654
0.9646953248;0.0140224314;0.0149062099;0.0063760339
0.9704126754;0.0198313961;0.0085618637;0.0011940647
0.9342201584;0.0263087548;0.032076266;0.0073948208
0.8963053833;0.0494109913;0.0311938216;0.0230898038
0.9646953248;0.0140224314;0.0149062099;0.0063760339
0.9784198142;0.0119764493;0.0079247981;0.0016789384
0.8993977807;0.0433923419;0.0333726188;0.0238372586
0.9708397094;0.0195345647;0.0084453896;0.0011803363
0.8997704595;0.0330130592;0.058780471;0.0084360103
0.9484214849;0.0204351076;0.0257058118;0.0054375957
0.9168317367;0.039463688;0.0230114957;0.0206930796
0.8964508405;0.0493388924;0.0311573688;0.0230528983
0.9168317367;0.039463688;0.0230114957;0.0206930796
0.8483886207;0.1135392807;0.0323614996;0.0057105989
0.8604153469;0.1022742887;0.0238792993;0.0134310651
0.9714951528;0.0127369786;0.0102222186;0.00554565
0.9168317367;0.039463688;0.0230114957;0.0206930796
0.9715497021;0.0127102952;0.0102092265;0.0055307762
0.9342201584;0.0263087548;0.032076266;0.0073948208
0.917218698;0.0533274331;0.0112152745;0.0182385943
0.9714951528;0.0127369786;0.0102222186;0.00554565
0.8487405254;0.1132825579;0.0322816457;0.0056952709
0.9651292459;0.0138273397;0.014780978;0.0062624364
0.9533160718;0.018728348;0.0093249811;0.0186305991
0.9714951528;0.0127369786;0.0102222186;0.00554565
0.964261377;0.0158352902;0.0138341984;0.0060691344
0.8963053833;0.0494109913;0.0311938216;0.0230898038
0.8994223733;0.043381225;0.0333658268;0.0238305749
0.9730723892;0.0171767837;0.0049475349;0.0048032921
0.8487405254;0.1132825579;0.0322816457;0.0056952709
0.9707438819;0.0136894567;0.0118073051;0.0037593563
0.9484277267;0.0204350148;0.0257000618;0.0054371966
0.9233130428;0.0205953056;0.0462387463;0.0098529054
0.91671367;0.039521665;0.0230384509;0.0207262141
0.9170988376;0.0534050753;0.0112283243;0.0182677628
0.8995630195;0.0433176678;0.033326842;0.0237924707
0.9784198142;0.0119764493;0.0079247981;0.0016789384
0.8604153469;0.1022742887;0.0238792993;0.0134310651
0.9728344708;0.0173312127;0.0049751113;0.0048592052
0.964261377;0.0158352902;0.0138341984;0.0060691344
0.9784198142;0.0119764493;0.0079247981;0.0016789384
0.8994223733;0.043381225;0.0333658268;0.0238305749
0.9714951528;0.0127369786;0.0102222186;0.00554565
0.8985677301;0.0307201096;0.0575097615;0.0132023987
0.9784198142;0.0119764493;0.0079247981;0.0016789384
0.8483241222;0.1135862159;0.0323762163;0.0057134456
0.9041583634;0.0261850186;0.0562459826;0.0134106354
0.9484427548;0.0204497247;0.0256684331;0.0054390874
0.91671367;0.039521665;0.0230384509;0.0207262141
0.8994223733;0.043381225;0.0333658268;0.0238305749
0.9648502159;0.0139527413;0.0148617527;0.0063352901
0.95317485;0.0187919397;0.0093390512;0.0186941591
0.9168317367;0.039463688;0.0230114957;0.0206930796
0.91671367;0.039521665;0.0230384509;0.0207262141
0.9677891291;0.011462257;0.0056521601;0.0150964538
0.9168317367;0.039463688;0.0230114957;0.0206930796
0.8997704595;0.0330130592;0.058780471;0.0084360103
0.9718591978;0.0125590134;0.0101349533;0.0054468354
0.9740811975;0.0175921398;0.0039387238;0.0043879389
0.91671367;0.039521665;0.0230384509;0.0207262141
0.8998440922;0.0329741052;0.0587566263;0.0084251763
0.9168317367;0.039463688;0.0230114957;0.0206930796
0.9687964748;0.0223543036;0.0083885697;0.0004606519
0.9342760161;0.0262769267;0.0320617221;0.0073853351
0.8994223733;0.043381225;0.0333658268;0.0238305749
0.8994223733;0.043381225;0.0333658268;0.0238305749
0.9740295044;0.0176274149;0.003943679;0.0043994016
0.9714951528;0.0127369786;0.0102222186;0.00554565
0.9342201584;0.0263087548;0.032076266;0.0073948208
0.9168317367;0.039463688;0.0230114957;0.0206930796
0.9677891291;0.011462257;0.0056521601;0.0150964538
0.9342201584;0.0263087548;0.032076266;0.0073948208
0.91671367;0.039521665;0.0230384509;0.0207262141
0.9484365624;0.0204347319;0.0256921029;0.0054366028
0.9784198142;0.0119764493;0.0079247981;0.0016789384
0.8483886207;0.1135392807;0.0323614996;0.0057105989
0.9666449646;0.015189672;0.0127470389;0.0054183246
0.9342201584;0.0263087548;0.032076266;0.0073948208
0.9168317367;0.039463688;0.0230114957;0.0206930796
0.9714951528;0.0127369786;0.0102222186;0.00554565
0.9166930244;0.0395318059;0.0230431438;0.0207320259
0.9168317367;0.039463688;0.0230114957;0.0206930796
0.9703623847;0.0138908058;0.0119161345;0.0038306751
0.8995630195;0.0433176678;0.033326842;0.0237924707
0.9638796383;0.0160240642;0.0139336425;0.006162655
0.9188044796;0.0241796465;0.0473061364;0.0097097375
