PropCost.Thousand;PropCost.TenThou;PropCost.HundredThou;PropCost.Million
0.5393313668;0.3428642406;0.1007907763;0.0170136163
0.5381152369;0.3433674621;0.1014021944;0.0171151066
0.5381166449;0.3433650864;0.1014031265;0.0171151422
0.5381258921;0.3433494834;0.1014092481;0.0171153763
0.5387312149;0.3430516735;0.1011432297;0.017073882
0.5381162816;0.3433656993;0.1014028861;0.017115133
0.5380996705;0.3432897375;0.1014833677;0.0171272242
0.5395267306;0.3429070382;0.1005809764;0.0169852548
0.5395421526;0.3427981942;0.1006629461;0.016996707
0.538577989;0.3431346616;0.1012015439;0.0170858055
0.5409575933;0.3422398272;0.0999253628;0.0168772167
0.5381166449;0.3433650864;0.1014031265;0.0171151422
0.5396518989;0.3426822916;0.1006676975;0.0169981121
0.5397209605;0.3427348036;0.1005593633;0.0169848727
0.5381166449;0.3433650864;0.1014031265;0.0171151422
0.5378373926;0.3434670414;0.1015566828;0.0171388832
0.5378361115;0.3434688831;0.1015561583;0.0171388471
0.5380885829;0.3433201992;0.1014625971;0.0171286209
0.5406506487;0.3424359138;0.1000232352;0.0168902023
0.5378381288;0.3434659829;0.1015569843;0.017138904
0.5395395457;0.3428872837;0.1005875748;0.0169855958
0.5409717316;0.3422182702;0.099932407;0.0168775912
0.5382413067;0.343267573;0.1013811768;0.0171099434
0.5395421526;0.3427981942;0.1006629461;0.016996707
0.5383348603;0.3432520385;0.1013139436;0.0170991575
0.5385751492;0.343138968;0.1012001544;0.0170857284
0.5382413067;0.343267573;0.1013811768;0.0171099434
0.5379349982;0.3433994663;0.1015321333;0.0171334023
0.5385751492;0.343138968;0.1012001544;0.0170857284
0.5385943803;0.3431098057;0.1012095638;0.0170862502
0.5395271481;0.3429063948;0.1005811912;0.0169852659
0.5393338124;0.3428605318;0.1007919737;0.0170136822
0.539317372;0.3428854641;0.1007839247;0.0170132392
0.5381166449;0.3433650864;0.1014031265;0.0171151422
0.5406364611;0.342457286;0.1000164299;0.0168898229
0.5381162816;0.3433656993;0.1014028861;0.017115133
0.5395271481;0.3429063948;0.1005811912;0.0169852659
0.5397185626;0.3427386731;0.1005579534;0.0169848109
0.538071706;0.3433467621;0.1014533601;0.0171281718
0.5395271481;0.3429063948;0.1005811912;0.0169852659
0.5406359961;0.3424579864;0.1000162069;0.0168898105
0.5385798327;0.3431318659;0.1012024459;0.0170858555
0.5406359961;0.3424579864;0.1000162069;0.0168898105
0.5381166449;0.3433650864;0.1014031265;0.0171151422
0.5383348603;0.3432520385;0.1013139436;0.0170991575
0.5370350212;0.3436851292;0.1020630613;0.0172167883
0.5395421526;0.3427981942;0.1006629461;0.016996707
0.540290358;0.3426020398;0.1001905994;0.0169170027
0.5395267306;0.3429070382;0.1005809764;0.0169852548
0.5385943803;0.3431098057;0.1012095638;0.0170862502
0.538348332;0.3432312318;0.1013209168;0.0170995194
0.5410053199;0.3422916411;0.0998379547;0.0168650843
0.5383959823;0.3432431868;0.1012690923;0.0170917386
0.5383303997;0.3432589279;0.1013116347;0.0170990377
0.5381166449;0.3433650864;0.1014031265;0.0171151422
0.5395271481;0.3429063948;0.1005811912;0.0169852659
0.5393145237;0.3428897837;0.1007825302;0.0170131624
0.5380855652;0.3433118491;0.1014757377;0.017126848
0.5406364611;0.342457286;0.1000164299;0.0168898229
0.5378381288;0.3434659829;0.1015569843;0.017138904
0.5387332992;0.3431045617;0.1010994861;0.017062653
0.5378536042;0.3434437356;0.1015633202;0.01713934
0.538071706;0.3433467621;0.1014533601;0.0171281718
0.5410053199;0.3422916411;0.0998379547;0.0168650843
0.5383348603;0.3432520385;0.1013139436;0.0170991575
0.5382413067;0.343267573;0.1013811768;0.0171099434
0.5395421526;0.3427981942;0.1006629461;0.016996707
0.5380855652;0.3433118491;0.1014757377;0.017126848
0.5379486022;0.3433781651;0.1015394669;0.0171337658
0.5380860128;0.3433111476;0.1014759797;0.0171268599
0.5396331194;0.3427110185;0.1006582523;0.0169976098
0.5406364611;0.342457286;0.1000164299;0.0168898229
0.5395252396;0.3428247256;0.100653773;0.0169962618
0.5381166449;0.3433650864;0.1014031265;0.0171151422
0.5381166449;0.3433650864;0.1014031265;0.0171151422
0.5380816158;0.3433180403;0.1014736012;0.0171267427
0.5395271481;0.3429063948;0.1005811912;0.0169852659
0.5383464624;0.3432585839;0.1012980191;0.0170969347
0.5395271481;0.3429063948;0.1005811912;0.0169852659
0.5381162816;0.3433656993;0.1014028861;0.017115133
0.540287403;0.3426063542;0.1001893209;0.0169169219
0.5393185462;0.3428836836;0.1007844995;0.0170132708
0.5381166449;0.3433650864;0.1014031265;0.0171151422
0.5380759042;0.3433401545;0.1014556578;0.0171282835
0.5379313164;0.343405231;0.1015301487;0.0171333039
0.5383303997;0.3432589279;0.1013116347;0.0170990377
0.5378536042;0.3434437356;0.1015633202;0.01713934
0.541000891;0.3422983961;0.0998357459;0.0168649671
0.5381166449;0.3433650864;0.1014031265;0.0171151422
0.5410787708;0.3422396948;0.0998188602;0.0168626742
0.5385798327;0.3431318659;0.1012024459;0.0170858555
0.5379313164;0.343405231;0.1015301487;0.0171333039
0.5395425147;0.3427976261;0.1006631426;0.0169967166
0.538280132;0.3432607483;0.1013481193;0.0171110004
0.5395421526;0.3427981942;0.1006629461;0.016996707
0.5381161304;0.3433659545;0.1014027859;0.0171151292
0.5381166449;0.3433650864;0.1014031265;0.0171151422
0.541019077;0.3422706591;0.0998448155;0.0168654484
0.5381166449;0.3433650864;0.1014031265;0.0171151422
0.5409569207;0.3422408529;0.0999250275;0.0168771989
0.538254305;0.3432468222;0.1013885875;0.0171102853
0.5380816158;0.3433180403;0.1014736012;0.0171267427
0.5393192212;0.3428826598;0.10078483;0.017013289
0.5383342192;0.3432530288;0.1013136117;0.0170991403
0.5382521265;0.3432503;0.1013873454;0.017110228
0.5393334082;0.3428611448;0.1007917757;0.0170136713
0.5395271481;0.3429063948;0.1005811912;0.0169852659
0.5381274459;0.3433468617;0.1014102767;0.0171154156
0.5379313164;0.343405231;0.1015301487;0.0171333039
0.5383303997;0.3432589279;0.1013116347;0.0170990377
0.5386131812;0.3430945301;0.1012063737;0.017085915
0.5380853809;0.3433121383;0.1014756378;0.0171268431
0.5402915764;0.342600261;0.1001911266;0.016917036
0.5380759042;0.3433401545;0.1014556578;0.0171282835
0.5380853809;0.3433121383;0.1014756378;0.0171268431
0.5409315356;0.3422712405;0.0999248759;0.0168723479
0.5378381288;0.3434659829;0.1015569843;0.017138904
0.5402922768;0.3425992383;0.1001914297;0.0169170552
0.5408649167;0.342306802;0.0999468183;0.016881463
0.5407162805;0.3423560063;0.1000324964;0.0168952169
0.537854045;0.3434431018;0.1015635008;0.0171393524
0.5393192212;0.3428826598;0.10078483;0.017013289
0.5384608077;0.3431676823;0.1012783051;0.0170932048
0.5378373926;0.3434670414;0.1015566828;0.0171388832
0.5395255317;0.3429088865;0.100580359;0.0169852229
0.5409569207;0.3422408529;0.0999250275;0.0168771989
0.5383487159;0.3432306389;0.1013211155;0.0170995298
0.5383348603;0.3432520385;0.1013139436;0.0170991575
0.5366657746;0.3438076486;0.1022696255;0.0172569513
0.5382413067;0.343267573;0.1013811768;0.0171099434
0.5367653193;0.343790921;0.1021959085;0.0172478512
0.5395377624;0.3428900327;0.1005866565;0.0169855483
0.5380855652;0.3433118491;0.1014757377;0.017126848
0.5378361115;0.3434688831;0.1015561583;0.0171388471
0.5393185462;0.3428836836;0.1007844995;0.0170132708
0.5382457122;0.343222796;0.1014116829;0.0171198088
0.5366636395;0.3438108342;0.1022686345;0.0172568918
0.540287403;0.3426063542;0.1001893209;0.0169169219
0.5378536042;0.3434437356;0.1015633202;0.01713934
0.5395395457;0.3428872837;0.1005875748;0.0169855958
0.5393187428;0.3428833851;0.1007845959;0.0170132761
0.5395267306;0.3429070382;0.1005809764;0.0169852548
0.5395271481;0.3429063948;0.1005811912;0.0169852659
0.5380885829;0.3433201992;0.1014625971;0.0171286209
0.5395271481;0.3429063948;0.1005811912;0.0169852659
0.5410639106;0.3422960442;0.0997892486;0.0168507965
0.5385751492;0.343138968;0.1012001544;0.0170857284
0.5383344063;0.3432527396;0.1013137088;0.0170991453
0.5381130685;0.3433711209;0.101400759;0.0171150517
0.5393334082;0.3428611448;0.1007917757;0.0170136713
0.5395230429;0.342912723;0.1005790775;0.0169851566
0.537854045;0.3434431018;0.1015635008;0.0171393524
0.5395395457;0.3428872837;0.1005875748;0.0169855958
0.5381448359;0.3433046896;0.1014308763;0.0171195983
0.5409569207;0.3422408529;0.0999250275;0.0168771989
0.5381166449;0.3433650864;0.1014031265;0.0171151422
0.5397897088;0.342742078;0.1004993128;0.0169689004
0.5395271481;0.3429063948;0.1005811912;0.0169852659
0.5378376069;0.3434667331;0.1015567707;0.0171388893
0.5381166449;0.3433650864;0.1014031265;0.0171151422
0.5383348603;0.3432520385;0.1013139436;0.0170991575
0.541000891;0.3422983961;0.0998357459;0.0168649671
0.5395395457;0.3428872837;0.1005875748;0.0169855958
0.5406364611;0.342457286;0.1000164299;0.0168898229
0.5397903416;0.3427411049;0.1004996362;0.0169689172
0.5393192212;0.3428826598;0.10078483;0.017013289
0.5378330046;0.3434733495;0.1015548863;0.0171387596
0.5393185462;0.3428836836;0.1007844995;0.0170132708
0.5379356162;0.3433984984;0.1015324666;0.0171334188
0.5381166449;0.3433650864;0.1014031265;0.0171151422
0.5378376069;0.3434667331;0.1015567707;0.0171388893
0.5406358047;0.342458275;0.100016115;0.0168898054
0.5407348316;0.3423276195;0.1000418409;0.016895708
0.541019077;0.3422706591;0.0998448155;0.0168654484
0.5395230429;0.342912723;0.1005790775;0.0169851566
0.5381162816;0.3433656993;0.1014028861;0.017115133
0.5395395457;0.3428872837;0.1005875748;0.0169855958
0.5410639106;0.3422960442;0.0997892486;0.0168507965
0.5379356162;0.3433984984;0.1015324666;0.0171334188
0.5378536042;0.3434437356;0.1015633202;0.01713934
0.5380992921;0.3432903308;0.101483163;0.0171272141
0.5406364611;0.342457286;0.1000164299;0.0168898229
0.5393334082;0.3428611448;0.1007917757;0.0170136713
0.5379356162;0.3433984984;0.1015324666;0.0171334188
0.5403048782;0.34258084;0.1001968821;0.0169173996
0.5381166449;0.3433650864;0.1014031265;0.0171151422
0.5397903416;0.3427411049;0.1004996362;0.0169689172
0.5380992921;0.3432903308;0.101483163;0.0171272141
0.5395395457;0.3428872837;0.1005875748;0.0169855958
0.5382408808;0.3432682529;0.1013809341;0.0171099322
0.5410639106;0.3422960442;0.0997892486;0.0168507965
0.5378536042;0.3434437356;0.1015633202;0.01713934
0.5381161304;0.3433659545;0.1014027859;0.0171151292
0.5379489723;0.3433775855;0.1015396665;0.0171337757
0.5381161304;0.3433659545;0.1014027859;0.0171151292
0.5380885829;0.3433201992;0.1014625971;0.0171286209
0.5380860128;0.3433111476;0.1014759797;0.0171268599
0.5398036376;0.3427206606;0.1005064308;0.0169692709
0.5402922768;0.3425992383;0.1001914297;0.0169170552
0.5383955354;0.3432438788;0.1012688591;0.0170917266
0.5382408808;0.3432682529;0.1013809341;0.0171099322
0.5393334082;0.3428611448;0.1007917757;0.0170136713
0.5378536042;0.3434437356;0.1015633202;0.01713934
0.5380816158;0.3433180403;0.1014736012;0.0171267427
0.5387332992;0.3431045617;0.1010994861;0.017062653
0.5381162816;0.3433656993;0.1014028861;0.017115133
0.5382407053;0.3432685332;0.1013808339;0.0171099276
0.5381166449;0.3433650864;0.1014031265;0.0171151422
0.5381274459;0.3433468617;0.1014102767;0.0171154156
0.5381166449;0.3433650864;0.1014031265;0.0171151422
0.5384531719;0.3431929022;0.1012590441;0.0170948818
0.5397185626;0.3427386731;0.1005579534;0.0169848109
0.539317372;0.3428854641;0.1007839247;0.0170132392
0.5395294467;0.3428181259;0.1006560548;0.0169963726
0.539317372;0.3428854641;0.1007839247;0.0170132392
0.5395395457;0.3428872837;0.1005875748;0.0169855958
0.5395271481;0.3429063948;0.1005811912;0.0169852659
0.5410053199;0.3422916411;0.0998379547;0.0168650843
0.5381274459;0.3433468617;0.1014102767;0.0171154156
0.5381166449;0.3433650864;0.1014031265;0.0171151422
0.5385791598;0.3431328864;0.1012021166;0.0170858372
0.540952912;0.3422469649;0.0999230303;0.0168770927
0.5381407176;0.3433108384;0.1014289589;0.0171194851
0.5381162816;0.3433656993;0.1014028861;0.017115133
0.5384528103;0.3431934708;0.1012588467;0.0170948722
0.5378361115;0.3434688831;0.1015561583;0.0171388471
0.5385751492;0.343138968;0.1012001544;0.0170857284
0.5397898936;0.3427417936;0.1004994074;0.0169689053
0.541000891;0.3422983961;0.0998357459;0.0168649671
0.5381162816;0.3433656993;0.1014028861;0.017115133
0.5410680195;0.3422895475;0.0997915303;0.0168509026
0.5395265578;0.3429073048;0.1005808872;0.0169852502
0.5410167713;0.3422741757;0.0998436656;0.0168653874
0.5395271481;0.3429063948;0.1005811912;0.0169852659
0.5384528103;0.3431934708;0.1012588467;0.0170948722
0.5406482709;0.3424394957;0.1000220946;0.0168901387
0.5395271481;0.3429063948;0.1005811912;0.0169852659
0.5393185462;0.3428836836;0.1007844995;0.0170132708
0.541066402;0.342292105;0.0997906321;0.0168508608
0.5385751492;0.343138968;0.1012001544;0.0170857284
0.5398036376;0.3427206606;0.1005064308;0.0169692709
0.5403074155;0.3425771356;0.1001979799;0.016917469
0.5395265578;0.3429073048;0.1005808872;0.0169852502
0.5396518989;0.3426822916;0.1006676975;0.0169981121
0.5382457122;0.343222796;0.1014116829;0.0171198088
0.5379351787;0.3433991833;0.1015322309;0.0171334071
0.5383348603;0.3432520385;0.1013139436;0.0170991575
0.5393145237;0.3428897837;0.1007825302;0.0170131624
0.5395271481;0.3429063948;0.1005811912;0.0169852659
0.5395277905;0.342820724;0.1006551566;0.016996329
0.5382371221;0.3432742535;0.1013787911;0.0171098333
0.5383463936;0.3432342256;0.1013199135;0.0170994674
0.5386572086;0.343165346;0.1011065683;0.0170708771
0.5381152369;0.3433674621;0.1014021944;0.0171151066
0.5381162816;0.3433656993;0.1014028861;0.017115133
0.5378330046;0.3434733495;0.1015548863;0.0171387596
0.5380860128;0.3433111476;0.1014759797;0.0171268599
0.5393145237;0.3428897837;0.1007825302;0.0170131624
0.5395395457;0.3428872837;0.1005875748;0.0169855958
0.5382413067;0.343267573;0.1013811768;0.0171099434
0.5380885829;0.3433201992;0.1014625971;0.0171286209
0.5379351787;0.3433991833;0.1015322309;0.0171334071
0.5406359961;0.3424579864;0.1000162069;0.0168898105
0.5395267306;0.3429070382;0.1005809764;0.0169852548
0.5395398992;0.3428867388;0.1005877568;0.0169856052
0.5395267306;0.3429070382;0.1005809764;0.0169852548
0.5406001965;0.3424446478;0.1000571894;0.0168979663
0.538071706;0.3433467621;0.1014533601;0.0171281718
0.5380855652;0.3433118491;0.1014757377;0.017126848
0.5407208951;0.3423489451;0.1000348208;0.016895339
0.5395265578;0.3429073048;0.1005808872;0.0169852502
0.5409717316;0.3422182702;0.099932407;0.0168775912
0.5378361115;0.3434688831;0.1015561583;0.0171388471
0.539317372;0.3428854641;0.1007839247;0.0170132392
0.5381585469;0.3432949981;0.1014253545;0.0171211005
0.5386572086;0.343165346;0.1011065683;0.0170708771
0.541000891;0.3422983961;0.0998357459;0.0168649671
0.5378381288;0.3434659829;0.1015569843;0.017138904
0.5381162816;0.3433656993;0.1014028861;0.017115133
0.5382407053;0.3432685332;0.1013808339;0.0171099276
0.5395271481;0.3429063948;0.1005811912;0.0169852659
0.5395252396;0.3428247256;0.100653773;0.0169962618
0.5410639106;0.3422960442;0.0997892486;0.0168507965
0.5395271481;0.3429063948;0.1005811912;0.0169852659
0.5395421526;0.3427981942;0.1006629461;0.016996707
0.5378536042;0.3434437356;0.1015633202;0.01713934
0.5378381288;0.3434659829;0.1015569843;0.017138904
0.5382413067;0.343267573;0.1013811768;0.0171099434
0.5395267306;0.3429070382;0.1005809764;0.0169852548
0.5381166449;0.3433650864;0.1014031265;0.0171151422
0.5395265578;0.3429073048;0.1005808872;0.0169852502
0.538071706;0.3433467621;0.1014533601;0.0171281718
0.538071706;0.3433467621;0.1014533601;0.0171281718
0.5387332992;0.3431045617;0.1010994861;0.017062653
0.5382457122;0.343222796;0.1014116829;0.0171198088
0.5393192212;0.3428826598;0.10078483;0.017013289
0.5381166449;0.3433650864;0.1014031265;0.0171151422
0.5410807825;0.3422693675;0.0997986179;0.016851232
0.5395271481;0.3429063948;0.1005811912;0.0169852659
0.5406364611;0.342457286;0.1000164299;0.0168898229
0.538449432;0.3431854982;0.1012721676;0.0170929023
0.5384359228;0.3432200251;0.101249628;0.017094424
0.5381753567;0.3432700041;0.1014330754;0.0171215637
0.5383487159;0.3432306389;0.1013211155;0.0170995298
0.5387166432;0.3431309373;0.1010902052;0.0170622144
0.5381162816;0.3433656993;0.1014028861;0.017115133
0.5378330046;0.3434733495;0.1015548863;0.0171387596
0.5381161304;0.3433659545;0.1014027859;0.0171151292
0.5395265578;0.3429073048;0.1005808872;0.0169852502
0.5367612401;0.3437974509;0.1021935664;0.0172477426
0.539635952;0.3427066854;0.100659677;0.0169976855
0.5396373149;0.3427046005;0.1006603626;0.016997722
0.538145037;0.3433043891;0.1014309701;0.0171196038
0.5378373926;0.3434670414;0.1015566828;0.0171388832
0.5406008306;0.3424436725;0.1000575139;0.016897983
0.5406359961;0.3424579864;0.1000162069;0.0168898105
0.5380885829;0.3433201992;0.1014625971;0.0171286209
0.541000891;0.3422983961;0.0998357459;0.0168649671
0.5378536042;0.3434437356;0.1015633202;0.01713934
0.5381161304;0.3433659545;0.1014027859;0.0171151292
0.5397903416;0.3427411049;0.1004996362;0.0169689172
0.5385798327;0.3431318659;0.1012024459;0.0170858555
0.5381166449;0.3433650864;0.1014031265;0.0171151422
0.5381161304;0.3433659545;0.1014027859;0.0171151292
0.5382413067;0.343267573;0.1013811768;0.0171099434
0.5393192212;0.3428826598;0.10078483;0.017013289
0.5410676016;0.3422902082;0.0997912984;0.0168508918
0.5386344658;0.3430783012;0.1012041242;0.0170831088
0.5395267306;0.3429070382;0.1005809764;0.0169852548
0.5382413067;0.343267573;0.1013811768;0.0171099434
0.5381274459;0.3433468617;0.1014102767;0.0171154156
0.541066402;0.342292105;0.0997906321;0.0168508608
0.5381166449;0.3433650864;0.1014031265;0.0171151422
0.5382413067;0.343267573;0.1013811768;0.0171099434
0.5381162816;0.3433656993;0.1014028861;0.017115133
0.5409717316;0.3422182702;0.099932407;0.0168775912
0.538071706;0.3433467621;0.1014533601;0.0171281718
0.5396331194;0.3427110185;0.1006582523;0.0169976098
0.5383348603;0.3432520385;0.1013139436;0.0170991575
0.5381166449;0.3433650864;0.1014031265;0.0171151422
0.5383348603;0.3432520385;0.1013139436;0.0170991575
0.5393334082;0.3428611448;0.1007917757;0.0170136713
0.5378361115;0.3434688831;0.1015561583;0.0171388471
0.5379486022;0.3433781651;0.1015394669;0.0171337658
0.5383342192;0.3432530288;0.1013136117;0.0170991403
0.5380885829;0.3433201992;0.1014625971;0.0171286209
0.537854045;0.3434431018;0.1015635008;0.0171393524
0.540919757;0.342290799;0.09991739;0.0168720539
0.5381162816;0.3433656993;0.1014028861;0.017115133
0.5395267306;0.3429070382;0.1005809764;0.0169852548
0.5380885829;0.3433201992;0.1014625971;0.0171286209
0.5408720121;0.3423427663;0.0999145044;0.0168707173
0.5395277905;0.342820724;0.1006551566;0.016996329
0.537854045;0.3434431018;0.1015635008;0.0171393524
0.5381162816;0.3433656993;0.1014028861;0.017115133
0.5380753006;0.3433411045;0.1014553274;0.0171282675
0.541000891;0.3422983961;0.0998357459;0.0168649671
0.5409315356;0.3422712405;0.0999248759;0.0168723479
0.5383348603;0.3432520385;0.1013139436;0.0170991575
0.5387203648;0.3431250438;0.101092279;0.0170623124
0.5381166449;0.3433650864;0.1014031265;0.0171151422
0.5382413067;0.343267573;0.1013811768;0.0171099434
0.5393185462;0.3428836836;0.1007844995;0.0170132708
0.5397903416;0.3427411049;0.1004996362;0.0169689172
0.5380860128;0.3433111476;0.1014759797;0.0171268599
0.5378376069;0.3434667331;0.1015567707;0.0171388893
0.5387166432;0.3431309373;0.1010902052;0.0170622144
0.5397903416;0.3427411049;0.1004996362;0.0169689172
0.5381757804;0.3432693742;0.10143327;0.0171215754
0.540919757;0.342290799;0.09991739;0.0168720539
0.538127754;0.3433463419;0.1014104807;0.0171154234
0.53821308;0.3432595289;0.1014075732;0.0171198179
0.5378536042;0.3434437356;0.1015633202;0.01713934
0.539635952;0.3427066854;0.100659677;0.0169976855
0.5378513775;0.3434469367;0.1015624086;0.0171392773
0.5383631075;0.3432321996;0.1013073187;0.0170973743
0.5395271481;0.3429063948;0.1005811912;0.0169852659
0.538127754;0.3433463419;0.1014104807;0.0171154234
0.5378381288;0.3434659829;0.1015569843;0.017138904
0.5410035764;0.3422943003;0.0998370851;0.0168650382
0.5380885829;0.3433201992;0.1014625971;0.0171286209
0.5385798327;0.3431318659;0.1012024459;0.0170858555
0.5381258921;0.3433494834;0.1014092481;0.0171153763
0.5382371221;0.3432742535;0.1013787911;0.0171098333
0.5378361115;0.3434688831;0.1015561583;0.0171388471
0.539317372;0.3428854641;0.1007839247;0.0170132392
0.540952912;0.3422469649;0.0999230303;0.0168770927
0.5381166449;0.3433650864;0.1014031265;0.0171151422
0.5366490026;0.3438326727;0.1022618407;0.017256484
0.5379349982;0.3433994663;0.1015321333;0.0171334023
0.538084282;0.3433138608;0.1014750434;0.0171268138
0.5403048782;0.34258084;0.1001968821;0.0169173996
0.541019077;0.3422706591;0.0998448155;0.0168654484
0.5378330046;0.3434733495;0.1015548863;0.0171387596
0.5381166449;0.3433650864;0.1014031265;0.0171151422
0.5383344063;0.3432527396;0.1013137088;0.0170991453
0.5395271481;0.3429063948;0.1005811912;0.0169852659
0.5395421526;0.3427981942;0.1006629461;0.016996707
0.5397185626;0.3427386731;0.1005579534;0.0169848109
0.5395230429;0.342912723;0.1005790775;0.0169851566
0.5395230429;0.342912723;0.1005790775;0.0169851566
0.5381274459;0.3433468617;0.1014102767;0.0171154156
0.5380860128;0.3433111476;0.1014759797;0.0171268599
0.538348332;0.3432312318;0.1013209168;0.0170995194
0.5381161304;0.3433659545;0.1014027859;0.0171151292
0.5385751492;0.343138968;0.1012001544;0.0170857284
0.5383953512;0.3432441643;0.1012687628;0.0170917217
0.5384359228;0.3432200251;0.101249628;0.017094424
0.5382413067;0.343267573;0.1013811768;0.0171099434
0.5381274459;0.3433468617;0.1014102767;0.0171154156
0.5370174225;0.3437129721;0.1020532879;0.0172163175
0.5395267306;0.3429070382;0.1005809764;0.0169852548
0.5395265578;0.3429073048;0.1005808872;0.0169852502
0.5406008306;0.3424436725;0.1000575139;0.016897983
0.5385751492;0.343138968;0.1012001544;0.0170857284
0.5395377624;0.3428900327;0.1005866565;0.0169855483
0.541000891;0.3422983961;0.0998357459;0.0168649671
0.541000891;0.3422983961;0.0998357459;0.0168649671
0.5395271481;0.3429063948;0.1005811912;0.0169852659
0.5387166432;0.3431309373;0.1010902052;0.0170622144
0.5406364611;0.342457286;0.1000164299;0.0168898229
0.5381166449;0.3433650864;0.1014031265;0.0171151422
0.5396518989;0.3426822916;0.1006676975;0.0169981121
0.5387336559;0.3431039969;0.1010996848;0.0170626624
0.538071706;0.3433467621;0.1014533601;0.0171281718
0.5396331194;0.3427110185;0.1006582523;0.0169976098
0.5410804288;0.3422699268;0.0997984214;0.0168512229
0.5384531719;0.3431929022;0.1012590441;0.0170948818
0.5378536042;0.3434437356;0.1015633202;0.01713934
0.5387332992;0.3431045617;0.1010994861;0.017062653
0.5385751492;0.343138968;0.1012001544;0.0170857284
0.5380860128;0.3433111476;0.1014759797;0.0171268599
0.5406008306;0.3424436725;0.1000575139;0.016897983
0.540290358;0.3426020398;0.1001905994;0.0169170027
0.5381161304;0.3433659545;0.1014027859;0.0171151292
0.5393145237;0.3428897837;0.1007825302;0.0170131624
0.538071706;0.3433467621;0.1014533601;0.0171281718
0.5378381288;0.3434659829;0.1015569843;0.017138904
0.5396518989;0.3426822916;0.1006676975;0.0169981121
0.5395267306;0.3429070382;0.1005809764;0.0169852548
0.5381600515;0.3432819714;0.1014379605;0.0171200166
0.5395395457;0.3428872837;0.1005875748;0.0169855958
0.537854045;0.3434431018;0.1015635008;0.0171393524
0.5406001965;0.3424446478;0.1000571894;0.0168979663
0.5382413067;0.343267573;0.1013811768;0.0171099434
0.540952912;0.3422469649;0.0999230303;0.0168770927
0.5395230429;0.342912723;0.1005790775;0.0169851566
0.5387332992;0.3431045617;0.1010994861;0.017062653
0.5402922768;0.3425992383;0.1001914297;0.0169170552
0.5395265578;0.3429073048;0.1005808872;0.0169852502
0.5381753567;0.3432700041;0.1014330754;0.0171215637
0.5381166449;0.3433650864;0.1014031265;0.0171151422
0.5387166432;0.3431309373;0.1010902052;0.0170622144
0.541000891;0.3422983961;0.0998357459;0.0168649671
0.5381166449;0.3433650864;0.1014031265;0.0171151422
0.5383342192;0.3432530288;0.1013136117;0.0170991403
0.5409158571;0.3422972749;0.0999149114;0.0168719566
0.5393192212;0.3428826598;0.10078483;0.017013289
0.5381166449;0.3433650864;0.1014031265;0.0171151422
0.5407208951;0.3423489451;0.1000348208;0.016895339
0.5379356162;0.3433984984;0.1015324666;0.0171334188
0.5384401236;0.3432134197;0.1012519212;0.0170945355
0.5395265578;0.3429073048;0.1005808872;0.0169852502
0.5381166449;0.3433650864;0.1014031265;0.0171151422
0.5410053199;0.3422916411;0.0998379547;0.0168650843
0.5393187428;0.3428833851;0.1007845959;0.0170132761
0.5378376069;0.3434667331;0.1015567707;0.0171388893
0.5378361115;0.3434688831;0.1015561583;0.0171388471
0.5410046833;0.3422926121;0.0998376371;0.0168650675
0.5379356162;0.3433984984;0.1015324666;0.0171334188
0.5397185626;0.3427386731;0.1005579534;0.0169848109
0.5381162816;0.3433656993;0.1014028861;0.017115133
0.5395271481;0.3429063948;0.1005811912;0.0169852659
0.5397903416;0.3427411049;0.1004996362;0.0169689172
0.5406364611;0.342457286;0.1000164299;0.0168898229
0.5396518989;0.3426822916;0.1006676975;0.0169981121
0.5378330046;0.3434733495;0.1015548863;0.0171387596
0.5383487159;0.3432306389;0.1013211155;0.0170995298
0.541066402;0.342292105;0.0997906321;0.0168508608
0.5395267306;0.3429070382;0.1005809764;0.0169852548
0.5383348603;0.3432520385;0.1013139436;0.0170991575
0.5381166449;0.3433650864;0.1014031265;0.0171151422
0.5385943803;0.3431098057;0.1012095638;0.0170862502
0.5383348603;0.3432520385;0.1013139436;0.0170991575
0.541000891;0.3422983961;0.0998357459;0.0168649671
0.5393192212;0.3428826598;0.10078483;0.017013289
0.5395403245;0.3428010619;0.1006619547;0.0169966589
0.5393313668;0.3428642406;0.1007907763;0.0170136163
0.5386572086;0.343165346;0.1011065683;0.0170708771
0.5381161304;0.3433659545;0.1014027859;0.0171151292
0.5386187657;0.34310245;0.1011960976;0.0170826867
0.5395398992;0.3428867388;0.1005877568;0.0169856052
0.5393334082;0.3428611448;0.1007917757;0.0170136713
0.5393334082;0.3428611448;0.1007917757;0.0170136713
0.537854045;0.3434431018;0.1015635008;0.0171393524
0.5395255317;0.3429088865;0.100580359;0.0169852229
0.5381604854;0.3432921159;0.1014262448;0.0171211539
0.5378536042;0.3434437356;0.1015633202;0.01713934
0.5381161304;0.3433659545;0.1014027859;0.0171151292
0.5379356162;0.3433984984;0.1015324666;0.0171334188
0.5409717316;0.3422182702;0.099932407;0.0168775912
0.5393338124;0.3428605318;0.1007919737;0.0170136822
0.5395271481;0.3429063948;0.1005811912;0.0169852659
0.5393185462;0.3428836836;0.1007844995;0.0170132708
0.5395421526;0.3427981942;0.1006629461;0.016996707
0.5393185462;0.3428836836;0.1007844995;0.0170132708
0.5387166432;0.3431309373;0.1010902052;0.0170622144
0.5381166449;0.3433650864;0.1014031265;0.0171151422
0.5387207864;0.3431243764;0.1010925138;0.0170623235
0.5381130685;0.3433711209;0.101400759;0.0171150517
0.5395267306;0.3429070382;0.1005809764;0.0169852548
0.5381162816;0.3433656993;0.1014028861;0.017115133
0.5395398992;0.3428867388;0.1005877568;0.0169856052
0.5403069961;0.342577748;0.1001977984;0.0169174575
0.5382407053;0.3432685332;0.1013808339;0.0171099276
0.540952912;0.3422469649;0.0999230303;0.0168770927
0.538071706;0.3433467621;0.1014533601;0.0171281718
0.5385751492;0.343138968;0.1012001544;0.0170857284
0.5386572086;0.343165346;0.1011065683;0.0170708771
0.5381166449;0.3433650864;0.1014031265;0.0171151422
0.5393185462;0.3428836836;0.1007844995;0.0170132708
0.5380885829;0.3433201992;0.1014625971;0.0171286209
0.5397903416;0.3427411049;0.1004996362;0.0169689172
0.5397903416;0.3427411049;0.1004996362;0.0169689172
0.5383348603;0.3432520385;0.1013139436;0.0170991575
0.5395395457;0.3428872837;0.1005875748;0.0169855958
0.5393192212;0.3428826598;0.10078483;0.017013289
0.5393192212;0.3428826598;0.10078483;0.017013289
0.5395230429;0.342912723;0.1005790775;0.0169851566
0.5382408808;0.3432682529;0.1013809341;0.0171099322
0.5367001643;0.3438196642;0.1022311472;0.0172490242
0.5380816158;0.3433180403;0.1014736012;0.0171267427
0.5397897088;0.342742078;0.1004993128;0.0169689004
0.538071706;0.3433467621;0.1014533601;0.0171281718
0.5402922768;0.3425992383;0.1001914297;0.0169170552
0.5378330046;0.3434733495;0.1015548863;0.0171387596
0.540287403;0.3426063542;0.1001893209;0.0169169219
0.5379486022;0.3433781651;0.1015394669;0.0171337658
0.5381166449;0.3433650864;0.1014031265;0.0171151422
0.538348332;0.3432312318;0.1013209168;0.0170995194
0.5379489723;0.3433775855;0.1015396665;0.0171337757
0.5395271481;0.3429063948;0.1005811912;0.0169852659
0.5393192212;0.3428826598;0.10078483;0.017013289
0.5403069961;0.342577748;0.1001977984;0.0169174575
0.5380885829;0.3433201992;0.1014625971;0.0171286209
0.5397185626;0.3427386731;0.1005579534;0.0169848109
0.5410048692;0.3422923285;0.09983773;0.0168650724
0.5382413067;0.343267573;0.1013811768;0.0171099434
0.540287403;0.3426063542;0.1001893209;0.0169169219
0.5381274459;0.3433468617;0.1014102767;0.0171154156
0.5387166432;0.3431309373;0.1010902052;0.0170622144
0.5393334082;0.3428611448;0.1007917757;0.0170136713
0.5409721344;0.342217656;0.0999326077;0.0168776019
0.5406364611;0.342457286;0.1000164299;0.0168898229
0.5393334082;0.3428611448;0.1007917757;0.0170136713
0.5409557507;0.3422426367;0.0999244447;0.0168771679
0.53677799;0.3437706381;0.1022031834;0.0172481885
0.5378373926;0.3434670414;0.1015566828;0.0171388832
0.5379339236;0.3434011487;0.1015315541;0.0171333736
0.5381166449;0.3433650864;0.1014031265;0.0171151422
0.5378330046;0.3434733495;0.1015548863;0.0171387596
0.5379349982;0.3433994663;0.1015321333;0.0171334023
0.540287403;0.3426063542;0.1001893209;0.0169169219
0.5406364611;0.342457286;0.1000164299;0.0168898229
0.5383342192;0.3432530288;0.1013136117;0.0170991403
0.5381162816;0.3433656993;0.1014028861;0.017115133
0.5378513775;0.3434469367;0.1015624086;0.0171392773
0.5397225172;0.3427322913;0.1005602786;0.0169849128
0.539317372;0.3428854641;0.1007839247;0.0170132392
0.5380753006;0.3433411045;0.1014553274;0.0171282675
0.5410807825;0.3422693675;0.0997986179;0.016851232
0.5393145237;0.3428897837;0.1007825302;0.0170131624
0.5385919421;0.343113503;0.1012083709;0.017086184
0.5393145237;0.3428897837;0.1007825302;0.0170131624
0.5381166449;0.3433650864;0.1014031265;0.0171151422
0.5397209605;0.3427348036;0.1005593633;0.0169848727
0.5381166449;0.3433650864;0.1014031265;0.0171151422
0.5387332992;0.3431045617;0.1010994861;0.017062653
0.5395265578;0.3429073048;0.1005808872;0.0169852502
0.5395271481;0.3429063948;0.1005811912;0.0169852659
0.5395271481;0.3429063948;0.1005811912;0.0169852659
0.5393192212;0.3428826598;0.10078483;0.017013289
0.5380885829;0.3433201992;0.1014625971;0.0171286209
0.5406364611;0.342457286;0.1000164299;0.0168898229
0.541066402;0.342292105;0.0997906321;0.0168508608
0.5393185462;0.3428836836;0.1007844995;0.0170132708
0.541000891;0.3422983961;0.0998357459;0.0168649671
0.5393334082;0.3428611448;0.1007917757;0.0170136713
0.5403069961;0.342577748;0.1001977984;0.0169174575
0.5396377907;0.3427038728;0.1006606018;0.0169977347
0.5407162805;0.3423560063;0.1000324964;0.0168952169
0.5381162816;0.3433656993;0.1014028861;0.017115133
0.5383344063;0.3432527396;0.1013137088;0.0170991453
0.5381166449;0.3433650864;0.1014031265;0.0171151422
0.5406008306;0.3424436725;0.1000575139;0.016897983
0.5397903416;0.3427411049;0.1004996362;0.0169689172
0.5378381288;0.3434659829;0.1015569843;0.017138904
0.5387201908;0.3431253196;0.1010921819;0.0170623078
0.5410807825;0.3422693675;0.0997986179;0.016851232
0.5397903416;0.3427411049;0.1004996362;0.0169689172
0.5393334082;0.3428611448;0.1007917757;0.0170136713
0.5393334082;0.3428611448;0.1007917757;0.0170136713
0.5395271481;0.3429063948;0.1005811912;0.0169852659
0.5395271481;0.3429063948;0.1005811912;0.0169852659
0.5378330046;0.3434733495;0.1015548863;0.0171387596
0.5403074155;0.3425771356;0.1001979799;0.016917469
0.5379313164;0.343405231;0.1015301487;0.0171333039
0.5413292547;0.3421742767;0.0996596342;0.0168368344
0.5395294467;0.3428181259;0.1006560548;0.0169963726
0.538071706;0.3433467621;0.1014533601;0.0171281718
0.5380759042;0.3433401545;0.1014556578;0.0171282835
0.539317372;0.3428854641;0.1007839247;0.0170132392
0.5396523008;0.3426816767;0.1006678997;0.0169981228
0.5395267306;0.3429070382;0.1005809764;0.0169852548
0.5396523008;0.3426816767;0.1006678997;0.0169981228
0.5381166449;0.3433650864;0.1014031265;0.0171151422
0.5378381288;0.3434659829;0.1015569843;0.017138904
0.5393192212;0.3428826598;0.10078483;0.017013289
0.5381166449;0.3433650864;0.1014031265;0.0171151422
0.5378373926;0.3434670414;0.1015566828;0.0171388832
0.5386747203;0.3431382537;0.1011156803;0.0170713456
0.5381162816;0.3433656993;0.1014028861;0.017115133
0.5396518989;0.3426822916;0.1006676975;0.0169981121
0.5378381288;0.3434659829;0.1015569843;0.017138904
0.5381130685;0.3433711209;0.101400759;0.0171150517
0.5379467337;0.3433810907;0.1015384597;0.0171337159
0.5381166449;0.3433650864;0.1014031265;0.0171151422
0.5380742515;0.3433427557;0.1014547533;0.0171282395
0.5384528103;0.3431934708;0.1012588467;0.0170948722
0.5408599542;0.3423141608;0.0999445558;0.0168813292
0.5395267306;0.3429070382;0.1005809764;0.0169852548
0.5395271481;0.3429063948;0.1005811912;0.0169852659
0.540952912;0.3422469649;0.0999230303;0.0168770927
0.5393185462;0.3428836836;0.1007844995;0.0170132708
0.5381166449;0.3433650864;0.1014031265;0.0171151422
0.5395271481;0.3429063948;0.1005811912;0.0169852659
0.5393192212;0.3428826598;0.10078483;0.017013289
0.5383303997;0.3432589279;0.1013116347;0.0170990377
0.5383348603;0.3432520385;0.1013139436;0.0170991575
0.5386728277;0.3431411819;0.1011146955;0.017071295
0.5402922768;0.3425992383;0.1001914297;0.0169170552
0.5384401236;0.3432134197;0.1012519212;0.0170945355
0.5370174225;0.3437129721;0.1020532879;0.0172163175
0.5381161304;0.3433659545;0.1014027859;0.0171151292
0.5393334082;0.3428611448;0.1007917757;0.0170136713
0.5406364611;0.342457286;0.1000164299;0.0168898229
0.5397898936;0.3427417936;0.1004994074;0.0169689053
0.5378330046;0.3434733495;0.1015548863;0.0171387596
0.5383344063;0.3432527396;0.1013137088;0.0170991453
0.5378381288;0.3434659829;0.1015569843;0.017138904
0.5395271481;0.3429063948;0.1005811912;0.0169852659
0.5395398992;0.3428867388;0.1005877568;0.0169856052
0.5410680195;0.3422895475;0.0997915303;0.0168509026
0.5395395457;0.3428872837;0.1005875748;0.0169855958
0.5381166449;0.3433650864;0.1014031265;0.0171151422
0.5381258921;0.3433494834;0.1014092481;0.0171153763
0.5393313668;0.3428642406;0.1007907763;0.0170136163
0.5397903416;0.3427411049;0.1004996362;0.0169689172
0.5381166449;0.3433650864;0.1014031265;0.0171151422
0.5381166449;0.3433650864;0.1014031265;0.0171151422
0.5387166432;0.3431309373;0.1010902052;0.0170622144
0.5382539448;0.3432473972;0.1013883821;0.0171102758
0.540919757;0.342290799;0.09991739;0.0168720539
0.5403069961;0.342577748;0.1001977984;0.0169174575
0.5395271481;0.3429063948;0.1005811912;0.0169852659
0.5393192212;0.3428826598;0.10078483;0.017013289
0.5380855652;0.3433118491;0.1014757377;0.017126848
0.5396518989;0.3426822916;0.1006676975;0.0169981121
0.5378330046;0.3434733495;0.1015548863;0.0171387596
0.541019077;0.3422706591;0.0998448155;0.0168654484
0.5395271481;0.3429063948;0.1005811912;0.0169852659
0.5393338124;0.3428605318;0.1007919737;0.0170136822
0.53677799;0.3437706381;0.1022031834;0.0172481885
0.5379486022;0.3433781651;0.1015394669;0.0171337658
0.5378373926;0.3434670414;0.1015566828;0.0171388832
0.5407352287;0.3423270119;0.1000420409;0.0168957185
0.5393185462;0.3428836836;0.1007844995;0.0170132708
0.5378361115;0.3434688831;0.1015561583;0.0171388471
0.5395230429;0.342912723;0.1005790775;0.0169851566
0.5381161304;0.3433659545;0.1014027859;0.0171151292
0.5397898936;0.3427417936;0.1004994074;0.0169689053
0.5395252396;0.3428247256;0.100653773;0.0169962618
0.5395265578;0.3429073048;0.1005808872;0.0169852502
0.5385751492;0.343138968;0.1012001544;0.0170857284
0.5396373149;0.3427046005;0.1006603626;0.016997722
0.538071706;0.3433467621;0.1014533601;0.0171281718
0.5381166449;0.3433650864;0.1014031265;0.0171151422
0.5381161304;0.3433659545;0.1014027859;0.0171151292
0.5381166449;0.3433650864;0.1014031265;0.0171151422
0.538071706;0.3433467621;0.1014533601;0.0171281718
0.5395271481;0.3429063948;0.1005811912;0.0169852659
0.5378536042;0.3434437356;0.1015633202;0.01713934
0.5381166449;0.3433650864;0.1014031265;0.0171151422
0.5395255317;0.3429088865;0.100580359;0.0169852229
0.5381166449;0.3433650864;0.1014031265;0.0171151422
0.5395271481;0.3429063948;0.1005811912;0.0169852659
0.5397859391;0.3427478743;0.1004973865;0.0169688001
0.5378330046;0.3434733495;0.1015548863;0.0171387596
0.5402922768;0.3425992383;0.1001914297;0.0169170552
0.5379313164;0.343405231;0.1015301487;0.0171333039
0.5381166449;0.3433650864;0.1014031265;0.0171151422
0.540919757;0.342290799;0.09991739;0.0168720539
0.5385943803;0.3431098057;0.1012095638;0.0170862502
0.5386344658;0.3430783012;0.1012041242;0.0170831088
0.5410167713;0.3422741757;0.0998436656;0.0168653874
0.5380816158;0.3433180403;0.1014736012;0.0171267427
0.5367612401;0.3437974509;0.1021935664;0.0172477426
0.5403069961;0.342577748;0.1001977984;0.0169174575
0.5393192212;0.3428826598;0.10078483;0.017013289
0.5395271481;0.3429063948;0.1005811912;0.0169852659
0.5380885829;0.3433201992;0.1014625971;0.0171286209
0.5367637135;0.3437934915;0.1021949865;0.0172478085
0.5409193603;0.3422914577;0.099917138;0.016872044
0.5406359961;0.3424579864;0.1000162069;0.0168898105
0.541000891;0.3422983961;0.0998357459;0.0168649671
0.5386572086;0.343165346;0.1011065683;0.0170708771
0.5385939773;0.3431104168;0.1012093667;0.0170862392
0.5385793556;0.3431325893;0.1012022125;0.0170858426
0.5380992921;0.3432903308;0.101483163;0.0171272141
0.5380759042;0.3433401545;0.1014556578;0.0171282835
0.5410167713;0.3422741757;0.0998436656;0.0168653874
0.5381166449;0.3433650864;0.1014031265;0.0171151422
0.5393145237;0.3428897837;0.1007825302;0.0170131624
0.5395377624;0.3428900327;0.1005866565;0.0169855483
0.5384531719;0.3431929022;0.1012590441;0.0170948818
0.5410639106;0.3422960442;0.0997892486;0.0168507965
0.5393338124;0.3428605318;0.1007919737;0.0170136822
0.5379489723;0.3433775855;0.1015396665;0.0171337757
0.5395271481;0.3429063948;0.1005811912;0.0169852659
0.5402915764;0.342600261;0.1001911266;0.016917036
0.5378381288;0.3434659829;0.1015569843;0.017138904
0.5383348603;0.3432520385;0.1013139436;0.0170991575
0.5381455269;0.3433036577;0.1014311981;0.0171196173
0.5385798327;0.3431318659;0.1012024459;0.0170858555
0.5380853809;0.3433121383;0.1014756378;0.0171268431
0.5393334082;0.3428611448;0.1007917757;0.0170136713
0.5380885829;0.3433201992;0.1014625971;0.0171286209
0.5385791597;0.3431328864;0.1012021166;0.0170858372
0.5406359961;0.3424579864;0.1000162069;0.0168898105
0.5393145237;0.3428897837;0.1007825302;0.0170131624
0.5410048692;0.3422923285;0.09983773;0.0168650724
0.5382413067;0.343267573;0.1013811768;0.0171099434
0.5382371221;0.3432742535;0.1013787911;0.0171098333
0.5397903416;0.3427411049;0.1004996362;0.0169689172
0.538075477;0.3433408266;0.1014554242;0.0171282721
0.5383487159;0.3432306389;0.1013211155;0.0170995298
0.5410053199;0.3422916411;0.0998379547;0.0168650843
0.5395267306;0.3429070382;0.1005809764;0.0169852548
0.5395377624;0.3428900327;0.1005866565;0.0169855483
0.5386750953;0.3431376736;0.1011158755;0.0170713556
0.5395294467;0.3428181259;0.1006560548;0.0169963726
0.541000891;0.3422983961;0.0998357459;0.0168649671
0.5393192212;0.3428826598;0.10078483;0.017013289
0.5385939773;0.3431104168;0.1012093667;0.0170862392
0.5395377624;0.3428900327;0.1005866565;0.0169855483
0.5395421526;0.3427981942;0.1006629461;0.016996707
0.538348332;0.3432312318;0.1013209168;0.0170995194
0.5393187428;0.3428833851;0.1007845959;0.0170132761
0.5381166449;0.3433650864;0.1014031265;0.0171151422
0.5378381288;0.3434659829;0.1015569843;0.017138904
0.5387203648;0.3431250438;0.101092279;0.0170623124
0.5395425147;0.3427976261;0.1006631426;0.0169967166
0.5385751492;0.343138968;0.1012001544;0.0170857284
0.5406358047;0.342458275;0.100016115;0.0168898054
0.5393334082;0.3428611448;0.1007917757;0.0170136713
0.5387191553;0.3431269591;0.101091605;0.0170622805
0.5397859391;0.3427478743;0.1004973865;0.0169688001
0.5378330046;0.3434733495;0.1015548863;0.0171387596
0.5395271481;0.3429063948;0.1005811912;0.0169852659
0.5395395457;0.3428872837;0.1005875748;0.0169855958
0.5381166449;0.3433650864;0.1014031265;0.0171151422
0.5383348603;0.3432520385;0.1013139436;0.0170991575
0.5393334082;0.3428611448;0.1007917757;0.0170136713
0.5380885829;0.3433201992;0.1014625971;0.0171286209
0.538145037;0.3433043891;0.1014309701;0.0171196038
0.5393192212;0.3428826598;0.10078483;0.017013289
0.5393145237;0.3428897837;0.1007825302;0.0170131624
0.5378330046;0.3434733495;0.1015548863;0.0171387596
0.5406359961;0.3424579864;0.1000162069;0.0168898105
0.5393185462;0.3428836836;0.1007844995;0.0170132708
0.538577989;0.3431346616;0.1012015439;0.0170858055
0.5410053199;0.3422916411;0.0998379547;0.0168650843
0.5393145237;0.3428897837;0.1007825302;0.0170131624
0.5378381288;0.3434659829;0.1015569843;0.017138904
0.541019077;0.3422706591;0.0998448155;0.0168654484
0.5410639106;0.3422960442;0.0997892486;0.0168507965
0.5378536042;0.3434437356;0.1015633202;0.01713934
0.5410791121;0.342239146;0.099819059;0.0168626829
0.5381130685;0.3433711209;0.101400759;0.0171150517
0.5381166449;0.3433650864;0.1014031265;0.0171151422
0.5403069961;0.342577748;0.1001977984;0.0169174575
0.5383303997;0.3432589279;0.1013116347;0.0170990377
0.5378361115;0.3434688831;0.1015561583;0.0171388471
0.5384096201;0.3432220636;0.1012762122;0.0170921041
0.5378361115;0.3434688831;0.1015561583;0.0171388471
0.5395271481;0.3429063948;0.1005811912;0.0169852659
0.5378376069;0.3434667331;0.1015567707;0.0171388893
0.541000891;0.3422983961;0.0998357459;0.0168649671
0.5395271481;0.3429063948;0.1005811912;0.0169852659
0.5383463936;0.3432342256;0.1013199135;0.0170994674
0.5395294467;0.3428181259;0.1006560548;0.0169963726
0.5379313164;0.343405231;0.1015301487;0.0171333039
0.5393145237;0.3428897837;0.1007825302;0.0170131624
0.5393145237;0.3428897837;0.1007825302;0.0170131624
0.5393334082;0.3428611448;0.1007917757;0.0170136713
0.5393145237;0.3428897837;0.1007825302;0.0170131624
0.5395271481;0.3429063948;0.1005811912;0.0169852659
0.5380996705;0.3432897375;0.1014833677;0.0171272242
0.5393192212;0.3428826598;0.10078483;0.017013289
0.539317372;0.3428854641;0.1007839247;0.0170132392
0.5393192212;0.3428826598;0.10078483;0.017013289
0.5382407053;0.3432685332;0.1013808339;0.0171099276
0.5393334082;0.3428611448;0.1007917757;0.0170136713
0.5383344063;0.3432527396;0.1013137088;0.0170991453
0.5395294467;0.3428181259;0.1006560548;0.0169963726
0.5386572086;0.343165346;0.1011065683;0.0170708771
0.538071706;0.3433467621;0.1014533601;0.0171281718
0.538254305;0.3432468222;0.1013885875;0.0171102853
0.5382413067;0.343267573;0.1013811768;0.0171099434
0.5395288419;0.3428190747;0.1006557267;0.0169963567
0.5370346523;0.3436857129;0.1020628564;0.0172167785
0.5382408808;0.3432682529;0.1013809341;0.0171099322
0.5410048692;0.3422923285;0.09983773;0.0168650724
0.540952912;0.3422469649;0.0999230303;0.0168770927
0.537854045;0.3434431018;0.1015635008;0.0171393524
0.5381166449;0.3433650864;0.1014031265;0.0171151422
0.5385751492;0.343138968;0.1012001544;0.0170857284
0.5381162816;0.3433656993;0.1014028861;0.017115133
0.5396377907;0.3427038728;0.1006606018;0.0169977347
0.5380885829;0.3433201992;0.1014625971;0.0171286209
0.5384384698;0.3432160201;0.1012510184;0.0170944916
0.5378536042;0.3434437356;0.1015633202;0.01713934
0.5381161304;0.3433659545;0.1014027859;0.0171151292
0.5393334082;0.3428611448;0.1007917757;0.0170136713
0.539317372;0.3428854641;0.1007839247;0.0170132392
0.5409569207;0.3422408529;0.0999250275;0.0168771989
0.5378536042;0.3434437356;0.1015633202;0.01713934
0.5410787708;0.3422396948;0.0998188602;0.0168626742
0.5395265578;0.3429073048;0.1005808872;0.0169852502
0.5381152369;0.3433674621;0.1014021944;0.0171151066
0.5381166449;0.3433650864;0.1014031265;0.0171151422
0.5397897088;0.342742078;0.1004993128;0.0169689004
0.5378330046;0.3434733495;0.1015548863;0.0171387596
0.5395398992;0.3428867388;0.1005877568;0.0169856052
0.5381166449;0.3433650864;0.1014031265;0.0171151422
0.5395267306;0.3429070382;0.1005809764;0.0169852548
0.5378373926;0.3434670414;0.1015566828;0.0171388832
0.5378381288;0.3434659829;0.1015569843;0.017138904
0.5382539448;0.3432473972;0.1013883821;0.0171102758
0.5381166449;0.3433650864;0.1014031265;0.0171151422
0.5384528103;0.3431934708;0.1012588467;0.0170948722
0.5397903416;0.3427411049;0.1004996362;0.0169689172
0.5382371221;0.3432742535;0.1013787911;0.0171098333
0.5380860128;0.3433111476;0.1014759797;0.0171268599
0.5378381288;0.3434659829;0.1015569843;0.017138904
0.5386572086;0.343165346;0.1011065683;0.0170708771
0.5402915764;0.342600261;0.1001911266;0.016917036
0.5378536042;0.3434437356;0.1015633202;0.01713934
0.5380992921;0.3432903308;0.101483163;0.0171272141
0.5395377624;0.3428900327;0.1005866565;0.0169855483
0.5393334082;0.3428611448;0.1007917757;0.0170136713
0.5387203648;0.3431250438;0.101092279;0.0170623124
0.5370200213;0.3437088606;0.1020547311;0.017216387
0.5410639106;0.3422960442;0.0997892486;0.0168507965
0.5381162816;0.3433656993;0.1014028861;0.017115133
0.5382982346;0.3432327865;0.1013574917;0.0171114872
0.537854045;0.3434431018;0.1015635008;0.0171393524
0.5384531719;0.3431929022;0.1012590441;0.0170948818
0.5395271481;0.3429063948;0.1005811912;0.0169852659
0.5389309876;0.3430331361;0.1009921002;0.0170437761
0.5410674288;0.3422904817;0.0997912022;0.0168508873
0.5384096201;0.3432220636;0.1012762122;0.0170921041
0.5387166432;0.3431309373;0.1010902052;0.0170622144
0.539317372;0.3428854641;0.1007839247;0.0170132392
0.5381162816;0.3433656993;0.1014028861;0.017115133
0.5381162816;0.3433656993;0.1014028861;0.017115133
0.5406358047;0.342458275;0.100016115;0.0168898054
0.5393334082;0.3428611448;0.1007917757;0.0170136713
0.5385751492;0.343138968;0.1012001544;0.0170857284
0.5393145237;0.3428897837;0.1007825302;0.0170131624
0.5378376069;0.3434667331;0.1015567707;0.0171388893
0.5409557507;0.3422426367;0.0999244447;0.0168771679
0.5406359961;0.3424579864;0.1000162069;0.0168898105
0.5381162816;0.3433656993;0.1014028861;0.017115133
0.5395395457;0.3428872837;0.1005875748;0.0169855958
0.5378381288;0.3434659829;0.1015569843;0.017138904
0.5410639106;0.3422960442;0.0997892486;0.0168507965
0.5395294467;0.3428181259;0.1006560548;0.0169963726
0.5389303808;0.3430340992;0.1009917598;0.0170437601
0.5403074155;0.3425771356;0.1001979799;0.016917469
0.5378376069;0.3434667331;0.1015567707;0.0171388893
0.5387332992;0.3431045617;0.1010994861;0.017062653
0.5407208951;0.3423489451;0.1000348208;0.016895339
0.5382407053;0.3432685332;0.1013808339;0.0171099276
0.5378361115;0.3434688831;0.1015561583;0.0171388471
0.5381152369;0.3433674621;0.1014021944;0.0171151066
0.5396518989;0.3426822916;0.1006676975;0.0169981121
0.5397898936;0.3427417936;0.1004994074;0.0169689053
0.5387166432;0.3431309373;0.1010902052;0.0170622144
0.5397209605;0.3427348036;0.1005593633;0.0169848727
0.5393334082;0.3428611448;0.1007917757;0.0170136713
0.5381162816;0.3433656993;0.1014028861;0.017115133
0.5410639106;0.3422960442;0.0997892486;0.0168507965
0.5367612401;0.3437974509;0.1021935664;0.0172477426
0.5386187657;0.34310245;0.1011960976;0.0170826867
0.5395255317;0.3429088865;0.100580359;0.0169852229
0.5409557507;0.3422426367;0.0999244447;0.0168771679
0.5402917806;0.3425999627;0.1001912151;0.0169170416
0.5378381288;0.3434659829;0.1015569843;0.017138904
0.5395265578;0.3429073048;0.1005808872;0.0169852502
0.5386615647;0.3431586068;0.1011088349;0.0170709936
0.5385751492;0.343138968;0.1012001544;0.0170857284
0.538071706;0.3433467621;0.1014533601;0.0171281718
0.5395271481;0.3429063948;0.1005811912;0.0169852659
0.5383348603;0.3432520385;0.1013139436;0.0170991575
0.538731499;0.3431074125;0.101098483;0.0170626056
0.5395267306;0.3429070382;0.1005809764;0.0169852548
0.5382371221;0.3432742535;0.1013787911;0.0171098333
0.5383342192;0.3432530288;0.1013136117;0.0170991403
0.541000891;0.3422983961;0.0998357459;0.0168649671
0.5380992921;0.3432903308;0.101483163;0.0171272141
0.5385943803;0.3431098057;0.1012095638;0.0170862502
0.5381166449;0.3433650864;0.1014031265;0.0171151422
0.5397859391;0.3427478743;0.1004973865;0.0169688001
0.5393334082;0.3428611448;0.1007917757;0.0170136713
0.5379486022;0.3433781651;0.1015394669;0.0171337658
0.5393192212;0.3428826598;0.10078483;0.017013289
0.5381162816;0.3433656993;0.1014028861;0.017115133
0.5393334082;0.3428611448;0.1007917757;0.0170136713
0.5397859391;0.3427478743;0.1004973865;0.0169688001
0.5393145237;0.3428897837;0.1007825302;0.0170131624
0.5395398992;0.3428867388;0.1005877568;0.0169856052
0.5395395457;0.3428872837;0.1005875748;0.0169855958
0.540287403;0.3426063542;0.1001893209;0.0169169219
0.5397903416;0.3427411049;0.1004996362;0.0169689172
0.5378381288;0.3434659829;0.1015569843;0.017138904
0.5380742515;0.3433427557;0.1014547533;0.0171282395
0.540287403;0.3426063542;0.1001893209;0.0169169219
0.5397903416;0.3427411049;0.1004996362;0.0169689172
0.5381753567;0.3432700041;0.1014330754;0.0171215637
0.5382413067;0.343267573;0.1013811768;0.0171099434
0.5381166449;0.3433650864;0.1014031265;0.0171151422
0.5407162805;0.3423560063;0.1000324964;0.0168952169
0.5378381288;0.3434659829;0.1015569843;0.017138904
0.5386598497;0.34316126;0.1011079426;0.0170709477
0.5395265578;0.3429073048;0.1005808872;0.0169852502
0.5385939773;0.3431104168;0.1012093667;0.0170862392
0.5395395457;0.3428872837;0.1005875748;0.0169855958
0.5406359961;0.3424579864;0.1000162069;0.0168898105
0.5378361115;0.3434688831;0.1015561583;0.0171388471
0.5410167713;0.3422741757;0.0998436656;0.0168653874
0.5393334082;0.3428611448;0.1007917757;0.0170136713
0.5403074155;0.3425771356;0.1001979799;0.016917469
0.5381597779;0.3432931679;0.1014259198;0.0171211344
0.541000891;0.3422983961;0.0998357459;0.0168649671
0.5381166449;0.3433650864;0.1014031265;0.0171151422
0.5397903416;0.3427411049;0.1004996362;0.0169689172
0.5379313164;0.343405231;0.1015301487;0.0171333039
0.541019077;0.3422706591;0.0998448155;0.0168654484
0.5380816158;0.3433180403;0.1014736012;0.0171267427
0.5384450323;0.3431923887;0.1012697938;0.0170927852
0.5396331194;0.3427110185;0.1006582523;0.0169976098
0.5395377624;0.3428900327;0.1005866565;0.0169855483
0.5381162816;0.3433656993;0.1014028861;0.017115133
0.5378536042;0.3434437356;0.1015633202;0.01713934
0.5408629632;0.3423096987;0.0999459277;0.0168814103
0.5393192212;0.3428826598;0.10078483;0.017013289
0.5395230429;0.342912723;0.1005790775;0.0169851566
0.541019077;0.3422706591;0.0998448155;0.0168654484
0.5393145237;0.3428897837;0.1007825302;0.0170131624
0.5381166449;0.3433650864;0.1014031265;0.0171151422
0.5396331194;0.3427110185;0.1006582523;0.0169976098
0.5409569207;0.3422408529;0.0999250275;0.0168771989
0.5395265578;0.3429073048;0.1005808872;0.0169852502
0.5378330046;0.3434733495;0.1015548863;0.0171387596
0.5393334082;0.3428611448;0.1007917757;0.0170136713
0.5381600515;0.3432819714;0.1014379605;0.0171200166
0.5393338124;0.3428605318;0.1007919737;0.0170136822
0.5381274459;0.3433468617;0.1014102767;0.0171154156
0.5381161304;0.3433659545;0.1014027859;0.0171151292
0.5410048692;0.3422923285;0.09983773;0.0168650724
0.5398036376;0.3427206606;0.1005064308;0.0169692709
0.5395230429;0.342912723;0.1005790775;0.0169851566
0.5393192212;0.3428826598;0.10078483;0.017013289
0.541000891;0.3422983961;0.0998357459;0.0168649671
0.5395230429;0.342912723;0.1005790775;0.0169851566
0.5395271481;0.3429063948;0.1005811912;0.0169852659
0.5393187428;0.3428833851;0.1007845959;0.0170132761
0.5410035764;0.3422943003;0.0998370851;0.0168650382
0.5381161304;0.3433659545;0.1014027859;0.0171151292
0.538450985;0.3431963409;0.1012578503;0.0170948238
0.5395265578;0.3429073048;0.1005808872;0.0169852502
0.539317372;0.3428854641;0.1007839247;0.0170132392
0.5397903416;0.3427411049;0.1004996362;0.0169689172
0.5395294467;0.3428181259;0.1006560548;0.0169963726
0.5393334082;0.3428611448;0.1007917757;0.0170136713
0.5389293259;0.3430357734;0.1009911683;0.0170437325
0.5378536042;0.3434437356;0.1015633202;0.01713934
0.5382413067;0.343267573;0.1013811768;0.0171099434
0.5383915917;0.3432499872;0.1012668001;0.017091621
